    0:     1     1     7
    1:    45    45   241
    2:   100   733   737
    3:   135   241   618
    4:   194   712   733
    5:   319   809  1023
    6:   533   618   712
    7:   604  1195  1244
    8:   724   737   809
    9:   903  1244  1638
   10:   944  1023  1195
   11:  1022  1913  1964
   12:  1031  1638  1757
   13:  1128  1776  1855
   14:  1284  1983  2381
   15:  1315  1884  1913
   16:  1379  1757  1776
   17:  1384  2888  2892
   18:  1430  2432  2508
   19:  1506  1981  1983
   20:  1514  2508  2528
   21:  1549  2853  2869
   22:  1554  1964  1970
   23:  1576  1855  1884
   24:  1641  2688  2778
   25:  1686  1970  1981
   26:  1725  2869  2888
   27:  1872  2403  2432
   28:  1979  2381  2382
   29:  2007  3383  3468
   30:  2012  3468  3479
   31:  2061  3479  3483
   32:  2093  2382  2403
   33:  2174  3483  3624
   34:  2365  2528  2688
   35:  2457  2892  2897
   36:  2535  2778  2853
   37:  2627  3658  3814
   38:  2656  3312  3383
   39:  2710  2897  3312
   40:  2903  4326  4364
   41:  3036  3814  3825
   42:  3059  4476  4481
   43:  3151  3624  3658
   44:  3222  4481  4509
   45:  3369  4551  4598
   46:  3470  3825  4326
   47:  3527  4533  4551
   48:  3532  4509  4533
   49:  3544  4434  4476
   50:  3730  4598  4619
   51:  3913  5214  5394
   52:  3933  4976  5045
   53:  4089  4619  4976
   54:  4096  4364  4434
   55:  4305  5455  5467
   56:  4416  5085  5214
   57:  4630  5408  5455
   58:  4632  5076  5085
   59:  4750  5073  5076
   60:  4916  5055  5073
   61:  5039  5045  5055
   62:  5043  6186  6193
   63:  5175  6263  6350
   64:  5234  5394  5408
   65:  5278  5467  6047
   66:  5286  6047  6152
   67:  5321  6152  6164
   68:  5494  6193  6263
   69:  5628  7321  7377
   70:  5692  7102  7156
   71:  5933  6164  6186
   72:  5990  7204  7319
   73:  6016  6813  6935
   74:  6078  6350  6437
   75:  6090  6437  6813
   76:  6173  7319  7321
   77:  6452  6935  7090
   78:  6469  7156  7204
   79:  6598  7090  7102
SUM: 7377 7338 0.9947 785.59 693.86 1693
