    0:     1     1     4
    1:    30    30   130
    2:    66   382   384
    3:    89   130   323
    4:   128   323   382
    5:   207   397   530
    6:   331   384   397
    7:   378   530   643
    8:   455   844   865
    9:   563   667   844
   10:   590   643   667
   11:   641   865  1011
   12:   647  1127  1137
   13:   710  1072  1086
   14:   806  1137  1225
   15:   827  1021  1057
   16:   869  1086  1127
   17:   872  1475  1486
   18:   902  1225  1290
   19:   952  1014  1021
   20:   958  1290  1300
   21:   981  1300  1475
   22:   984  1011  1014
   23:   999  1057  1072
   24:  1042  1487  1544
   25:  1072  1855  1950
   26:  1098  1486  1487
   27:  1190  1544  1721
   28:  1259  1736  1747
   29:  1278  1747  1775
   30:  1281  1775  1781
   31:  1314  1781  1783
   32:  1336  1721  1736
   33:  1389  1783  1855
   34:  1503  2294  2326
   35:  1563  2411  2433
   36:  1614  2326  2411
   37:  1674  1950  1952
   38:  1693  1958  2184
   39:  1729  2184  2221
   40:  1844  2221  2234
   41:  1928  1952  1958
   42:  1944  2234  2294
   43:  2004  2652  2822
   44:  2050  2546  2558
   45:  2142  2502  2512
   46:  2207  2575  2652
   47:  2244  2512  2536
   48:  2248  2536  2546
   49:  2256  2558  2575
   50:  2367  2433  2502
   51:  2477  2822  2898
   52:  2490  3066  3153
   53:  2586  3153  3188
   54:  2590  3188  3276
   55:  2712  2898  2936
   56:  2783  2936  3066
   57:  2907  3644  3833
   58:  2908  3639  3644
   59:  2983  3638  3639
   60:  3085  3629  3638
   61:  3163  3388  3629
   62:  3165  3276  3308
   63:  3248  3308  3388
   64:  3287  3842  3857
   65:  3316  4068  4123
   66:  3321  4130  4177
   67:  3344  4177  4183
   68:  3449  4195  4234
   69:  3533  3833  3842
   70:  3575  3871  3955
   71:  3709  4183  4195
   72:  3746  3857  3871
   73:  3763  3955  4068
   74:  3804  4234  4323
   75:  3812  4123  4130
   76:  3866  4731  4776
   77:  4013  4542  4657
   78:  4024  4664  4716
   79:  4106  4657  4664
   80:  4176  4410  4414
   81:  4182  4716  4731
   82:  4222  4518  4542
   83:  4229  4414  4518
   84:  4287  4776  4788
   85:  4313  4323  4410
   86:  4374  5061  5091
   87:  4410  5176  5178
   88:  4426  4867  4888
   89:  4490  4840  4867
   90:  4566  4789  4840
   91:  4577  4888  5061
   92:  4649  5091  5176
   93:  4654  4788  4789
   94:  4792  5593  5666
   95:  4845  5553  5578
   96:  4850  5591  5593
   97:  4892  5520  5525
   98:  4904  5525  5553
   99:  4999  5448  5520
  100:  5027  5178  5241
  101:  5045  5578  5591
  102:  5086  5241  5448
  103:  5233  6021  6093
  104:  5242  5812  5836
  105:  5244  5673  5723
  106:  5375  5970  6003
  107:  5446  6093  6161
  108:  5487  5836  5885
  109:  5493  6003  6021
  110:  5513  5723  5812
  111:  5551  6184  6209
  112:  5575  6161  6178
  113:  5590  6209  6223
  114:  5597  6178  6184
  115:  5649  5885  5970
  116:  5658  5666  5673
  117:  5674  6475  6560
  118:  5698  6269  6336
  119:  5823  6472  6475
  120:  5969  6437  6472
  121:  6104  6336  6437
  122:  6120  6223  6269
  123:  6254  6684  6686
  124:  6267  7010  7026
  125:  6281  7083  7201
  126:  6382  7026  7083
  127:  6410  6686  6717
  128:  6449  6913  7010
  129:  6455  6907  6913
  130:  6456  6717  6907
  131:  6528  6560  6684
  132:  6624  7409  7422
  133:  6641  7254  7255
  134:  6667  7595  7604
  135:  6673  7337  7390
  136:  6691  7213  7244
  137:  6772  7432  7474
  138:  6783  7548  7595
  139:  6815  7390  7409
  140:  6823  7474  7548
  141:  6854  7201  7213
  142:  6974  7604  7628
  143:  7122  7422  7432
  144:  7137  7244  7254
  145:  7139  7255  7337
  146:  7204  7636  7663
  147:  7214  7771  7778
  148:  7227  7829  7840
  149:  7284  7748  7771
  150:  7298  7663  7677
  151:  7418  7778  7812
  152:  7508  7677  7694
  153:  7509  7840  8060
  154:  7546  7812  7829
  155:  7575  7694  7748
  156:  7583  7628  7636
  157:  7637  8060  8088
  158:  7695  8334  8375
  159:  7734  8382  8513
  160:  7801  8330  8334
  161:  7810  8220  8272
  162:  7832  8088  8220
  163:  7976  8272  8330
  164:  8051  8375  8382
  165:  8057  8513  8557
  166:  8085  9014  9035
  167:  8121  8927  8941
  168:  8198  8798  8805
  169:  8213  8805  8927
  170:  8344  8722  8728
  171:  8446  8984  9014
  172:  8483  8785  8798
  173:  8492  8960  8984
  174:  8500  8620  8722
  175:  8502  8557  8620
  176:  8515  8941  8960
  177:  8533  8728  8785
  178:  8573  9151  9188
  179:  8577  9188  9194
  180:  8688  9125  9147
  181:  8705  9205  9208
  182:  8720  9275  9429
  183:  8762  9035  9055
  184:  8777  9429  9451
  185:  8794  9147  9151
  186:  8825  9105  9125
  187:  8844  9458  9519
  188:  8902  9208  9275
  189:  8905  9451  9458
  190:  8910  9055  9105
  191:  8967  9194  9205
  192:  8987  9519  9530
  193:  9078  9615  9616
  194:  9091  9542  9566
  195:  9096  9957  9976
  196:  9102  9819  9849
  197:  9132  9853  9861
  198:  9138  9530  9542
  199:  9162  9861  9861
  200:  9233  9616  9719
  201:  9275  9861  9946
  202:  9349  9589  9615
  203:  9354  9749  9819
  204:  9370  9946  9957
  205:  9383  9849  9853
  206:  9399  9566  9589
  207:  9456  9719  9749
  208:  9540 10263 10275
  209:  9566  9976 10028
  210:  9595 10148 10263
  211:  9602 10275 10282
  212:  9691 10282 10301
  213:  9783 10431 10498
  214:  9822 10028 10120
  215:  9839 10120 10148
  216:  9922 10311 10431
  217:  9952 10301 10311
  218: 10004 10576 10717
  219: 10146 10528 10529
  220: 10203 10807 10873
  221: 10217 10498 10509
  222: 10220 10509 10525
  223: 10254 10525 10528
  224: 10280 10529 10547
  225: 10382 10547 10576
  226: 10402 10948 10972
  227: 10420 10873 10906
  228: 10463 10906 10909
  229: 10466 10909 10948
  230: 10487 10717 10807
  231: 10506 11008 11031
  232: 10513 11317 11334
  233: 10574 11334 11347
  234: 10587 11090 11311
  235: 10637 11393 11413
  236: 10734 11347 11393
  237: 10810 11413 11444
  238: 10874 11031 11090
  239: 10955 10972 11008
  240: 10958 11311 11317
  241: 11052 11726 11729
  242: 11113 11802 11851
  243: 11151 11739 11802
  244: 11167 11625 11630
  245: 11185 11564 11625
  246: 11289 11458 11564
  247: 11307 11664 11726
  248: 11379 11630 11664
  249: 11381 11729 11739
  250: 11406 11444 11458
  251: 11417 11851 11851
  252: 11505 12193 12234
  253: 11530 12004 12101
  254: 11657 11851 12004
  255: 11676 12101 12193
  256: 11758 12234 12283
  257: 11876 12613 12629
  258: 11888 12629 12686
  259: 11984 12526 12538
  260: 12058 12283 12400
  261: 12060 12538 12552
  262: 12133 12552 12613
  263: 12220 12400 12526
  264: 12308 13194 13199
  265: 12401 12686 12688
  266: 12475 12688 12770
  267: 12496 13012 13056
  268: 12604 13056 13104
  269: 12616 13104 13194
  270: 12622 12770 13012
  271: 12678 13199 13220
  272: 12713 13339 13386
  273: 12725 13276 13339
  274: 12800 13583 13652
  275: 12809 13397 13415
  276: 12892 13504 13583
  277: 13027 13386 13397
  278: 13068 13220 13276
  279: 13071 13472 13504
  280: 13128 13220 13220
  281: 13169 13415 13472
  282: 13285 14044 14053
  283: 13432 13939 14044
  284: 13472 13703 13721
  285: 13532 13787 13939
  286: 13594 13721 13787
  287: 13634 13652 13703
  288: 13742 14121 14252
  289: 13830 14267 14280
  290: 13907 14053 14121
  291: 13918 14280 14323
  292: 13928 14323 14542
  293: 13936 14252 14267
  294: 14060 14590 14658
  295: 14061 14856 14865
  296: 14066 14842 14849
  297: 14095 15031 15070
  298: 14186 15009 15031
  299: 14197 14658 14822
  300: 14239 15001 15009
  301: 14329 14542 14590
  302: 14330 14865 14935
  303: 14407 14935 15001
  304: 14435 14822 14842
  305: 14525 14849 14856
  306: 14532 15070 15072
  307: 14601 15444 15448
  308: 14663 15231 15239
  309: 14696 15203 15215
  310: 14713 15239 15304
  311: 14732 15397 15444
  312: 14777 15215 15231
  313: 14794 15350 15379
  314: 14845 15304 15350
  315: 14957 15448 15509
  316: 14979 15138 15203
  317: 14991 15379 15397
  318: 15027 15072 15083
  319: 15041 15083 15138
  320: 15082 15523 15554
  321: 15115 15771 15861
  322: 15118 15554 15615
  323: 15233 15861 15905
  324: 15327 15615 15716
  325: 15361 15509 15523
  326: 15476 15905 15907
  327: 15503 15716 15771
  328: 15535 15982 16103
  329: 15637 16240 16418
  330: 15643 15907 15929
  331: 15654 16103 16213
  332: 15696 16213 16240
  333: 15780 16423 16435
  334: 15805 16418 16423
  335: 15907 15929 15982
  336: 15912 16506 16598
  337: 15956 16495 16506
  338: 15995 16613 16671
  339: 16101 16598 16611
  340: 16194 16611 16613
  341: 16229 16752 16822
  342: 16235 16822 16870
  343: 16251 16671 16707
  344: 16291 16435 16495
  345: 16339 16707 16752
  346: 16452 16938 17051
  347: 16456 17187 17216
  348: 16466 16870 16880
  349: 16500 17051 17176
  350: 16612 17216 17272
  351: 16642 17424 17444
  352: 16701 16880 16926
  353: 16710 17300 17359
  354: 16742 17359 17424
  355: 16782 17272 17300
  356: 16810 16926 16938
  357: 16812 17176 17187
  358: 16906 17566 17593
  359: 16908 17614 17630
  360: 16938 17728 17764
  361: 17087 17593 17614
  362: 17115 17444 17476
  363: 17194 17700 17728
  364: 17318 17476 17566
  365: 17323 17764 17880
  366: 17370 17630 17700
  367: 17466 18235 18340
  368: 17501 18342 18461
  369: 17530 17880 17908
  370: 17533 17908 17921
  371: 17545 18068 18235
  372: 17662 18340 18342
  373: 17791 17954 18068
  374: 17833 17931 17954
  375: 17841 17921 17931
  376: 17894 18493 18527
  377: 17913 18461 18469
  378: 17926 18469 18493
  379: 17974 18527 18532
  380: 17995 18738 18798
  381: 18101 18532 18543
  382: 18198 18527 18527
  383: 18253 18798 18901
  384: 18297 18704 18738
  385: 18412 18543 18704
  386: 18483 19226 19276
  387: 18512 18956 18961
  388: 18534 19299 19370
  389: 18574 19276 19299
  390: 18596 19038 19222
  391: 18723 19222 19226
  392: 18798 18901 18956
  393: 18857 18961 19038
  394: 18902 19805 19851
  395: 18911 19449 19547
  396: 18998 19382 19445
  397: 19026 19751 19781
  398: 19037 19445 19449
  399: 19081 19781 19805
  400: 19129 19600 19672
  401: 19142 19547 19600
  402: 19233 19672 19751
  403: 19254 19370 19382
  404: 19338 19851 19858
  405: 19375 20358 20359
  406: 19395 20127 20205
  407: 19445 20359 20394
  408: 19475 20205 20289
  409: 19584 19899 19931
  410: 19589 20394 20403
  411: 19601 19858 19899
  412: 19606 19931 20127
  413: 19655 20289 20291
  414: 19708 20291 20358
  415: 19859 20426 20483
  416: 19910 20483 20484
  417: 19952 20571 20604
  418: 20041 20703 20809
  419: 20092 20604 20703
  420: 20152 20403 20426
  421: 20229 20866 20880
  422: 20271 20484 20571
  423: 20274 20809 20863
  424: 20331 20863 20866
  425: 20447 20910 21002
  426: 20454 21018 21048
  427: 20460 21002 21018
  428: 20476 21186 21194
  429: 20499 21159 21186
  430: 20524 21088 21104
  431: 20672 21083 21088
  432: 20676 21104 21159
  433: 20705 20880 20910
  434: 20707 21310 21359
  435: 20757 21194 21310
  436: 20844 21048 21083
  437: 20905 21359 21438
  438: 20960 21641 21656
  439: 21055 21591 21639
  440: 21099 21639 21641
  441: 21149 21656 21680
  442: 21165 21680 21695
  443: 21192 21561 21591
  444: 21196 21695 21706
  445: 21300 21554 21561
  446: 21318 21706 21786
  447: 21319 21438 21515
  448: 21340 21522 21554
  449: 21358 21515 21522
  450: 21394 21786 21787
  451: 21433 22082 22085
  452: 21468 22131 22142
  453: 21506 22142 22184
  454: 21592 22049 22057
  455: 21656 21787 22049
  456: 21784 22057 22082
  457: 21786 22085 22131
  458: 21817 22399 22494
  459: 21821 22184 22211
  460: 21870 22392 22399
  461: 21901 22214 22375
  462: 21944 22511 22531
  463: 22026 22612 22628
  464: 22029 22211 22214
  465: 22062 22571 22612
  466: 22122 22494 22511
  467: 22151 22531 22571
  468: 22166 22375 22392
  469: 22226 22814 22821
  470: 22239 23094 23103
  471: 22282 22821 22861
  472: 22287 22628 22739
  473: 22328 22861 22861
  474: 22362 22779 22814
  475: 22422 23072 23094
  476: 22430 22953 23072
  477: 22472 22739 22779
  478: 22576 22861 22953
  479: 22632 23472 23593
  480: 22670 23150 23158
  481: 22774 23158 23197
  482: 22865 23223 23258
  483: 22867 23117 23150
  484: 22950 23258 23472
  485: 23010 23103 23117
  486: 23083 23197 23223
  487: 23125 23628 23647
  488: 23264 24012 24047
  489: 23289 23667 23852
  490: 23348 24057 24061
  491: 23386 23647 23667
  492: 23394 24047 24057
  493: 23430 24061 24067
  494: 23456 23852 24012
  495: 23590 23593 23628
  496: 23604 24100 24493
  497: 23607 24067 24089
  498: 23616 24089 24100
  499: 23625 24493 24542
SUM: 24542 24515 0.9989 495.92 446.89 983
