    0:     1     1     4
    1:    80    80   180
    2:   176   180   434
    3:   240   436   495
    4:   342   434   436
    5:   520   520   605
    6:   753   753   886
    7:   871   886  1132
    8:  1045  1132  1354
    9:  1262  1354  1375
   10:  1335  1375  1552
   11:  1462  1841  1896
   12:  1480  1552  1790
   13:  1630  1790  1841
   14:  1832  1922  2090
   15:  1890  1896  1922
   16:  1999  2537  2710
   17:  2009  2155  2351
   18:  2090  2090  2155
   19:  2215  2815  2816
   20:  2232  2362  2537
   21:  2296  2351  2362
   22:  2306  2765  2809
   23:  2348  2710  2765
   24:  2458  3046  3223
   25:  2538  2809  2815
   26:  2609  3223  3280
   27:  2805  2816  3046
   28:  2966  3529  3540
   29:  3018  3540  3568
   30:  3029  3568  3574
   31:  3116  3574  3576
   32:  3176  3280  3529
   33:  3307  3576  3648
   34:  3530  3648  3913
   35:  3675  3998  4020
   36:  3803  3913  3998
   37:  3947  4269  4489
   38:  4001  4020  4269
   39:  4095  4489  4746
   40:  4319  4746  4759
   41:  4504  5097  5183
   42:  4548  4759  4819
   43:  4693  4833  5097
   44:  4811  4819  4833
   45:  5007  5555  5579
   46:  5162  5183  5439
   47:  5260  5545  5555
   48:  5271  5516  5545
   49:  5294  5439  5516
   50:  5514  5579  5589
   51:  5732  5732  6128
   52:  5770  6128  6307
   53:  5972  6307  6342
   54:  5985  6342  6430
   55:  6216  6763  6770
   56:  6380  6430  6640
   57:  6613  6640  6763
   58:  6618  6770  6966
   59:  6789  6966  6971
   60:  6998  6998  6999
   61:  7174  7174  7183
   62:  7182  7183  7344
   63:  7366  7366  7446
   64:  7468  7468  7889
   65:  7547  7889  8155
   66:  7562  8155  8209
   67:  7626  8209  8215
   68:  7839  8215  8266
   69:  8024  8629  8658
   70:  8133  8266  8545
   71:  8375  8946  9011
   72:  8473  8545  8629
   73:  8521  8658  8884
   74:  8627  9011  9139
   75:  8650  8884  8946
   76:  8783  9547  9592
   77:  9035  9139  9473
   78:  9068  9480  9532
   79:  9250  9473  9480
   80:  9413  9850  9954
   81:  9432  9532  9547
   82:  9536  9592  9826
   83:  9558  9826  9850
   84:  9699 10033 10336
   85:  9771  9954  9958
   86:  9918  9958 10033
   87: 10012 10724 10726
   88: 10058 10415 10436
   89: 10211 10336 10415
   90: 10384 10726 11064
   91: 10417 10436 10609
   92: 10584 10609 10724
   93: 10598 11088 11115
   94: 10843 11064 11088
   95: 10975 11215 11230
   96: 10990 11115 11215
   97: 11098 11255 11283
   98: 11133 11230 11255
   99: 11135 11283 11410
SUM: 11410 10771 0.9440 342.20 234.49 764
