    0:     1     1     2
    1:    14    14    73
    2:    30    73   222
    3:    40   222   258
    4:    57   258   293
    5:    94   293   378
    6:   158   378   457
    7:   179   457   602
    8:   215   602   732
    9:   268   732   744
   10:   280   744   847
   11:   303   847  1048
   12:   305  1048  1110
   13:   334  1110  1139
   14:   380  1139  1220
   15:   389  1220  1319
   16:   408  1319  1361
   17:   409  1361  1571
   18:   422  1571  1686
   19:   445  1686  1844
   20:   447  1844  2008
   21:   457  2008  2110
   22:   458  2110  2372
   23:   464  2372  2398
   24:   483  2398  2607
   25:   496  2607  2845
   26:   507  2845  3116
   27:   551  3116  3253
   28:   583  3253  3268
   29:   591  3268  3285
   30:   592  3285  3288
   31:   606  3288  3289
   32:   615  3289  3316
   33:   639  3316  3385
   34:   696  3385  3540
   35:   723  3540  3603
   36:   746  3603  3617
   37:   773  3617  3878
   38:   781  3878  4007
   39:   797  4007  4028
   40:   855  4028  4036
   41:   895  4036  4198
   42:   902  4198  4395
   43:   929  4395  4542
   44:   950  4542  4697
   45:   994  4697  4724
   46:  1024  4724  4806
   47:  1041  4806  4874
   48:  1042  4874  4879
   49:  1045  4879  4896
   50:  1100  4896  4938
   51:  1154  4938  5170
   52:  1160  5170  5275
   53:  1206  5275  5295
   54:  1208  5295  5347
   55:  1270  5347  5546
   56:  1303  5546  5622
   57:  1367  5622  5694
   58:  1391  5694  5761
   59:  1414  5761  5796
   60:  1437  5796  5826
   61:  1459  5826  6045
   62:  1467  6045  6272
   63:  1470  6272  6361
   64:  1533  6361  6391
   65:  1546  6391  6486
   66:  1555  6486  6562
   67:  1564  6562  6725
   68:  1569  6725  6749
   69:  1641  6749  6830
   70:  1674  6830  6959
   71:  1682  6959  7102
   72:  1738  7102  7170
   73:  1756  7170  7249
   74:  1759  7249  7286
   75:  1784  7286  7438
   76:  1867  7438  7507
   77:  1872  7507  7541
   78:  1910  7541  7571
   79:  1942  7571  7718
SUM: 7718 7705 0.9983 3077.34 2981.03 5635
