    0:     1     1     7
    1:    45    45   241
    2:   100   733   737
    3:   135   241   618
    4:   194   712   733
    5:   319   809  1023
    6:   533   618   712
    7:   604  1195  1244
    8:   724   737   809
    9:   903  1244  1638
   10:   944  1023  1195
   11:  1022  3041  3092
   12:  1031  2783  2885
   13:  1128  2924  2983
   14:  1284  1638  1691
   15:  1315  3012  3041
   16:  1379  2885  2904
   17:  1384  2198  2202
   18:  1430  1691  1818
   19:  1506  3109  3111
   20:  1514  1818  1838
   21:  1549  2088  2179
   22:  1554  3092  3098
   23:  1576  2983  3012
   24:  1641  1838  2088
   25:  1686  3098  3109
   26:  1725  2179  2198
   27:  1872  2202  2662
   28:  1979  2691  2712
   29:  2007  2712  2768
   30:  2012  2768  2779
   31:  2061  2779  2783
   32:  2093  2683  2691
   33:  2174  2904  2924
   34:  2365  3857  3868
   35:  2457  4033  4077
   36:  2535  3943  4033
   37:  2627  3111  3114
   38:  2656  2662  2683
   39:  2710  3125  3638
   40:  2903  3650  3688
   41:  3036  3114  3125
   42:  3059  3800  3805
   43:  3151  5024  5056
   44:  3222  3805  3833
   45:  3369  3875  3922
   46:  3470  3638  3650
   47:  3527  3868  3875
   48:  3532  3833  3857
   49:  3544  3688  3800
   50:  3730  3922  3943
   51:  3913  5056  5204
   52:  3933  4077  4637
   53:  4089  4677  4786
   54:  4096  5857  5940
   55:  4305  5265  5277
   56:  4416  4886  5024
   57:  4630  5204  5265
   58:  4632  4637  4677
   59:  4750  4786  4886
   60:  4916  5336  5671
   61:  5039  5671  5689
   62:  5043  5996  6003
   63:  5175  6073  6160
   64:  5234  5277  5336
   65:  5278  5689  5857
   66:  5286  5940  5962
   67:  5321  5962  5974
   68:  5494  6003  6073
   69:  5628  7131  7187
   70:  5692  6912  6966
   71:  5933  5974  5996
   72:  5990  7014  7129
   73:  6016  6623  6745
   74:  6078  6160  6247
   75:  6090  6247  6623
   76:  6173  7129  7131
   77:  6452  6745  6900
   78:  6469  6966  7014
   79:  6598  6900  6912
SUM: 7187 7148 0.9946 759.71 670.36 2019
