    0:     1     1     7
    1:    45    45   241
    2:   100   733   737
    3:   135   241   618
    4:   194   618   733
    5:   319   809  1023
    6:   533   737   762
    7:   604  1023  1244
    8:   724   762   809
    9:   903  1293  1638
   10:   944  1244  1293
   11:  1022  1855  1964
   12:  1031  1638  1757
   13:  1128  1757  1855
   14:  1284  2190  2381
   15:  1315  1983  2053
   16:  1379  2082  2190
   17:  1384  2888  2892
   18:  1430  2432  2508
   19:  1506  1981  1983
   20:  1514  2508  2528
   21:  1549  2778  2869
   22:  1554  1964  1970
   23:  1576  2053  2082
   24:  1641  2528  2778
   25:  1686  1970  1981
   26:  1725  2869  2888
   27:  1872  2381  2432
   28:  1979  3391  3412
   29:  2007  3412  3468
   30:  2012  3468  3479
   31:  2061  3479  3483
   32:  2093  3383  3391
   33:  2174  3483  3624
   34:  2365  2941  3106
   35:  2457  2892  2897
   36:  2535  2897  2941
   37:  2627  3624  3814
   38:  2656  3312  3383
   39:  2710  3106  3312
   40:  2903  4326  4364
   41:  3036  3814  3825
   42:  3059  4476  4481
   43:  3151  3825  3992
   44:  3222  4481  4509
   45:  3369  4551  4598
   46:  3470  3992  4326
   47:  3527  4533  4551
   48:  3532  4509  4533
   49:  3544  4364  4476
   50:  3730  4598  4619
   51:  3913  5214  5394
   52:  3933  4976  5045
   53:  4089  4804  4976
   54:  4096  4619  4804
   55:  4305  5394  5467
   56:  4416  5045  5214
   57:  4630  5467  5479
   58:  4632  5526  5849
   59:  4750  5849  5858
   60:  4916  5858  5861
   61:  5039  5861  5879
   62:  5043  6164  6193
   63:  5175  6193  6350
   64:  5234  5479  5526
   65:  5278  5879  6047
   66:  5286  6047  6152
   67:  5321  6152  6164
   68:  5494  6437  6611
   69:  5628  7321  7377
   70:  5692  6935  7156
   71:  5933  6611  6688
   72:  5990  7156  7319
   73:  6016  6813  6935
   74:  6078  6350  6437
   75:  6090  6688  6813
   76:  6173  7319  7321
   77:  6452  7652  7664
   78:  6469  7377  7550
   79:  6598  7550  7652
SUM: 7664 7625 0.9949 907.44 812.12 1693
