    0:     1     1     4
    1:    30    30   130
    2:    66   382   384
    3:    89   130   323
    4:   128   323   382
    5:   207   667   756
    6:   331   865   889
    7:   378   384   643
    8:   455   844   865
    9:   563   756   844
   10:   590   643   667
   11:   641   985  1011
   12:   647   889   905
   13:   710   915   956
   14:   806  1736  1747
   15:   827   956   985
   16:   869   905   915
   17:   872  1021  1486
   18:   902  1672  1682
   19:   952  1014  1021
   20:   958  1590  1672
   21:   981  1487  1497
   22:   984  1011  1014
   23:   999  1855  1900
   24:  1042  1497  1544
   25:  1072  1900  1950
   26:  1098  1486  1487
   27:  1190  1682  1721
   28:  1259  1747  1747
   29:  1278  1747  1775
   30:  1281  1775  1781
   31:  1314  1781  1783
   32:  1336  1732  1736
   33:  1389  1783  1855
   34:  1503  1544  1590
   35:  1563  1958  2433
   36:  1614  2433  2455
   37:  1674  1950  1952
   38:  1693  1721  1732
   39:  1729  2632  2645
   40:  1844  2575  2632
   41:  1928  1952  1958
   42:  1944  2558  2572
   43:  2004  2719  2822
   44:  2050  2546  2558
   45:  2142  2502  2512
   46:  2207  2645  2652
   47:  2244  2512  2536
   48:  2248  2536  2546
   49:  2256  2572  2575
   50:  2367  2455  2502
   51:  2477  2822  2898
   52:  2490  2684  2719
   53:  2586  2652  2684
   54:  2590  2936  3276
   55:  2712  2898  2936
   56:  2783  3420  3486
   57:  2907  3600  3609
   58:  2908  3415  3420
   59:  2983  3414  3415
   60:  3085  3405  3414
   61:  3163  3276  3405
   62:  3165  4098  4134
   63:  3248  3609  4054
   64:  3287  3486  3585
   65:  3316  4202  4209
   66:  3321  4149  4155
   67:  3344  4137  4149
   68:  3449  4054  4098
   69:  3533  3585  3600
   70:  3575  4350  4377
   71:  3709  4134  4137
   72:  3746  4417  4461
   73:  3763  4209  4264
   74:  3804  4474  4939
   75:  3812  4155  4202
   76:  3866  4461  4462
   77:  4013  4264  4343
   78:  4024  4377  4402
   79:  4106  4343  4350
   80:  4176  5026  5030
   81:  4182  4402  4417
   82:  4222  5134  5158
   83:  4229  5131  5134
   84:  4287  4462  4474
   85:  4313  5016  5026
   86:  4374  5030  5101
   87:  4410  4939  5014
   88:  4426  5303  5304
   89:  4490  5320  5325
   90:  4566  5325  5352
   91:  4577  5101  5131
   92:  4649  5014  5016
   93:  4654  5376  5403
   94:  4792  5352  5376
   95:  4845  5263  5288
   96:  4850  5301  5303
   97:  4892  5230  5235
   98:  4904  5235  5263
   99:  4999  5158  5230
  100:  5027  5433  5915
  101:  5045  5288  5301
  102:  5086  5158  5158
  103:  5233  6010  6027
  104:  5242  5304  5320
  105:  5244  5403  5433
  106:  5375  6099  6117
  107:  5446  5942  5959
  108:  5487  6234  6235
  109:  5493  6027  6099
  110:  5513  6235  6308
  111:  5551  6833  6837
  112:  5575  5936  5942
  113:  5590  6360  6823
  114:  5597  5915  5936
  115:  5649  6149  6150
  116:  5658  6308  6347
  117:  5674  6150  6234
  118:  5698  5959  6010
  119:  5823  6146  6149
  120:  5969  6117  6146
  121:  6104  7030  7037
  122:  6120  6863  6869
  123:  6254  6347  6360
  124:  6267  6998  7008
  125:  6281  6823  6833
  126:  6382  6869  6951
  127:  6410  7284  7317
  128:  6449  7017  7024
  129:  6455  7082  7121
  130:  6456  7121  7127
  131:  6528  7236  7284
  132:  6624  7024  7030
  133:  6641  6852  6863
  134:  6667  7203  7212
  135:  6673  6951  6998
  136:  6691  6837  6852
  137:  6772  7037  7082
  138:  6783  7156  7203
  139:  6815  7008  7017
  140:  6823  7127  7156
  141:  6854  7317  7813
  142:  6974  7217  7236
  143:  7122  8024  8032
  144:  7137  7840  7854
  145:  7139  7854  7937
  146:  7204  7212  7217
  147:  7214  8086  8094
  148:  7227  8032  8032
  149:  7284  8094  8101
  150:  7298  8178  8195
  151:  7418  8043  8060
  152:  7508  8134  8178
  153:  7509  8309  8806
  154:  7546  8032  8043
  155:  7575  8101  8124
  156:  7583  8195  8236
  157:  7637  7813  7840
  158:  7695  8124  8127
  159:  7734  8236  8265
  160:  7801  8082  8086
  161:  7810  7972  8024
  162:  7832  7937  7972
  163:  7976  8060  8082
  164:  8051  8127  8134
  165:  8057  8265  8309
  166:  8085  8806  8825
  167:  8121  8901  8919
  168:  8198  9025  9055
  169:  8213  8919  8933
  170:  8344  9075  9132
  171:  8446  8825  8846
  172:  8483  9055  9062
  173:  8492  8875  8876
  174:  8500  9132  9138
  175:  8502  9218  9240
  176:  8515  8897  8900
  177:  8533  9062  9075
  178:  8573  8933  8938
  179:  8577  8938  8944
  180:  8688  8876  8897
  181:  8705  8944  8958
  182:  8720  9138  9179
  183:  8762  9292  9779
  184:  8777  9179  9201
  185:  8794  8900  8901
  186:  8825  8846  8875
  187:  8844  9268  9269
  188:  8902  8958  9025
  189:  8905  9201  9208
  190:  8910  9780  9829
  191:  8967  9900  9929
  192:  8987  9269  9280
  193:  9078  9208  9218
  194:  9091  9240  9268
  195:  9096  9829  9832
  196:  9102  9955  9959
  197:  9132  9929  9947
  198:  9138  9280  9292
  199:  9162  9947  9947
  200:  9233 10063 10089
  201:  9275  9851  9862
  202:  9349 10183 10193
  203:  9354  9959  9989
  204:  9370  9832  9851
  205:  9383  9947  9955
  206:  9399 10193 10219
  207:  9456 10053 10059
  208:  9540 10015 10027
  209:  9566  9779  9780
  210:  9595  9989 10015
  211:  9602 10031 10034
  212:  9691 10034 10053
  213:  9783 10239 10250
  214:  9822  9862  9872
  215:  9839  9872  9900
  216:  9922 10089 10183
  217:  9952 10059 10063
  218: 10004 10027 10031
  219: 10146 10219 10219
  220: 10203 10250 10625
  221: 10217 10219 10239
  222: 10220 10970 10973
  223: 10254 10967 10970
  224: 10280 10947 10951
  225: 10382 10901 10922
  226: 10402 10998 11470
  227: 10420 11535 11536
  228: 10463 11529 11533
  229: 10466 11470 11494
  230: 10487 10625 10691
  231: 10506 11506 11529
  232: 10513 10865 10888
  233: 10574 10888 10901
  234: 10587 10691 10865
  235: 10637 10951 10967
  236: 10734 10922 10947
  237: 10810 10973 10998
  238: 10874 11584 11588
  239: 10955 11494 11506
  240: 10958 11785 11815
  241: 11052 11647 11657
  242: 11113 11533 11535
  243: 11151 11536 11584
  244: 11167 11722 11756
  245: 11185 11756 11761
  246: 11289 11815 11822
  247: 11307 11657 11660
  248: 11379 11688 11722
  249: 11381 11588 11647
  250: 11406 11918 11928
  251: 11417 11535 11535
  252: 11505 11877 11918
  253: 11530 11761 11785
  254: 11657 11660 11688
  255: 11676 11822 11877
  256: 11758 11928 11967
  257: 11876 12370 12427
  258: 11888 11967 12370
  259: 11984 12504 12518
  260: 12058 12572 12656
  261: 12060 12443 12504
  262: 12133 12427 12443
  263: 12220 12518 12530
  264: 12308 12710 12715
  265: 12401 13204 13268
  266: 12475 12736 13186
  267: 12496 12530 12572
  268: 12604 13517 13520
  269: 12616 12656 12710
  270: 12622 13384 13428
  271: 12678 12715 12736
  272: 12713 13459 13470
  273: 12725 13470 13517
  274: 12800 13186 13204
  275: 12809 13428 13441
  276: 12892 13268 13273
  277: 13027 13441 13459
  278: 13068 13520 13580
  279: 13071 13273 13352
  280: 13128 13605 13636
  281: 13169 13352 13384
  282: 13285 13596 13605
  283: 13432 13580 13596
  284: 13472 14017 14035
  285: 13532 14241 14253
  286: 13594 14035 14101
  287: 13634 13636 14017
  288: 13742 14289 14304
  289: 13830 14253 14276
  290: 13907 14407 14435
  291: 13918 14225 14233
  292: 13928 14926 14974
  293: 13936 14276 14289
  294: 14060 14974 14994
  295: 14061 14233 14241
  296: 14066 14101 14225
  297: 14095 14435 14446
  298: 14186 14385 14407
  299: 14197 15130 15158
  300: 14239 14304 14385
  301: 14329 14446 14926
  302: 14330 15265 15271
  303: 14407 15277 15337
  304: 14435 15176 15178
  305: 14525 15178 15192
  306: 14532 15397 15408
  307: 14601 14994 15032
  308: 14663 15233 15241
  309: 14696 15249 15265
  310: 14713 15158 15176
  311: 14732 15032 15036
  312: 14777 15241 15249
  313: 14794 15083 15101
  314: 14845 15101 15130
  315: 14957 15921 15935
  316: 14979 15271 15277
  317: 14991 15036 15083
  318: 15027 15342 15397
  319: 15041 15337 15342
  320: 15082 15408 15890
  321: 15115 15192 15233
  322: 15118 15935 15951
  323: 15233 15277 15277
  324: 15327 16028 16052
  325: 15361 15890 15921
  326: 15476 16197 16243
  327: 15503 16101 16107
  328: 15535 16107 16197
  329: 15637 16783 16788
  330: 15643 16252 16265
  331: 15654 16060 16087
  332: 15696 16052 16060
  333: 15780 16318 16771
  334: 15805 16771 16783
  335: 15907 16300 16318
  336: 15912 15951 16028
  337: 15956 16831 16842
  338: 15995 16087 16101
  339: 16101 16940 16947
  340: 16194 16947 16949
  341: 16229 16243 16252
  342: 16235 16265 16300
  343: 16251 17036 17043
  344: 16291 16788 16831
  345: 16339 17043 17088
  346: 16452 17088 17161
  347: 16456 16954 16996
  348: 16466 17161 17216
  349: 16500 17025 17036
  350: 16612 16917 16940
  351: 16642 17274 17780
  352: 16701 17216 17262
  353: 16710 16842 16853
  354: 16742 16788 16788
  355: 16782 16853 16912
  356: 16810 17262 17274
  357: 16812 16996 17025
  358: 16906 16912 16917
  359: 16908 16949 16954
  360: 16938 17088 17088
  361: 17087 17904 17950
  362: 17115 17783 17812
  363: 17194 18036 18064
  364: 17318 17812 17902
  365: 17323 18176 18216
  366: 17370 18009 18036
  367: 17466 17902 17904
  368: 17501 17780 17783
  369: 17530 18216 18244
  370: 17533 18244 18257
  371: 17545 17950 18009
  372: 17662 17902 17902
  373: 17791 18120 18176
  374: 17833 18267 18290
  375: 17841 18257 18267
  376: 17894 18813 18847
  377: 17913 18290 18789
  378: 17926 18789 18813
  379: 17974 18847 18852
  380: 17995 18064 18120
  381: 18101 18852 18863
  382: 18198 18847 18847
  383: 18253 19204 19221
  384: 18297 19024 19058
  385: 18412 19020 19024
  386: 18483 18943 18966
  387: 18512 19276 19281
  388: 18534 18863 18872
  389: 18574 18872 18943
  390: 18596 19016 19020
  391: 18723 18966 19016
  392: 18798 19221 19276
  393: 18857 19195 19204
  394: 18902 19149 19195
  395: 18911 19836 19867
  396: 18998 19769 19773
  397: 19026 19058 19125
  398: 19037 19281 19769
  399: 19081 19125 19149
  400: 19129 19980 19992
  401: 19142 19893 19920
  402: 19233 20055 20071
  403: 19254 19824 19836
  404: 19338 20071 20178
  405: 19375 19788 19823
  406: 19395 19920 19977
  407: 19445 19779 19788
  408: 19475 19891 19893
  409: 19584 20219 20251
  410: 19589 19773 19779
  411: 19601 20185 20219
  412: 19606 19992 20055
  413: 19655 19867 19891
  414: 19708 19823 19824
  415: 19859 20710 20767
  416: 19910 20767 20768
  417: 19952 19977 19980
  418: 20041 20178 20185
  419: 20092 20982 20987
  420: 20152 20256 20710
  421: 20229 20251 20256
  422: 20271 20850 20855
  423: 20274 21134 21147
  424: 20331 21147 21150
  425: 20447 21026 21042
  426: 20454 20987 20996
  427: 20460 20996 21026
  428: 20476 20768 20850
  429: 20499 20855 20858
  430: 20524 20885 20940
  431: 20672 20940 20956
  432: 20676 20858 20885
  433: 20705 21042 21134
  434: 20707 21150 21615
  435: 20757 21644 21664
  436: 20844 20956 20961
  437: 20905 21686 21694
  438: 20960 20961 20982
  439: 21055 21847 21895
  440: 21099 21895 21897
  441: 21149 21897 21936
  442: 21165 21936 21951
  443: 21192 21817 21847
  444: 21196 21954 21962
  445: 21300 21810 21817
  446: 21318 22041 22042
  447: 21319 21743 21771
  448: 21340 21779 21810
  449: 21358 21771 21778
  450: 21394 21991 22041
  451: 21433 21694 21743
  452: 21468 21664 21686
  453: 21506 21615 21644
  454: 21592 21771 21771
  455: 21656 21778 21779
  456: 21784 22531 22580
  457: 21786 22508 22531
  458: 21817 21951 21954
  459: 21821 22088 22505
  460: 21870 22689 22693
  461: 21901 22597 22669
  462: 21944 21962 21991
  463: 22026 22042 22088
  464: 22029 22505 22508
  465: 22062 22865 22906
  466: 22122 22771 22805
  467: 22151 22811 22865
  468: 22166 22669 22686
  469: 22226 22693 22729
  470: 22239 22909 23371
  471: 22282 22686 22689
  472: 22287 22805 22811
  473: 22328 22689 22689
  474: 22362 22729 22736
  475: 22422 23379 23380
  476: 22430 23398 23402
  477: 22472 22736 22771
  478: 22576 22580 22597
  479: 22632 22906 22909
  480: 22670 23390 23398
  481: 22774 23402 23437
  482: 22865 23463 23498
  483: 22867 23380 23390
  484: 22950 23574 23712
  485: 23010 23834 24311
  486: 23083 23437 23463
  487: 23125 23759 23779
  488: 23264 23371 23379
  489: 23289 23498 23574
  490: 23348 24313 24319
  491: 23386 23712 23759
  492: 23394 24319 24323
  493: 23430 24311 24313
  494: 23456 24346 24368
  495: 23590 23785 23798
  496: 23604 23779 23785
  497: 23607 24323 24335
  498: 23616 24335 24346
  499: 23625 23798 23834
SUM: 24368 24341 0.9989 513.67 464.98 1282
