    0:     1     1     2
    1:    48    48    98
    2:   105   105   232
    3:   144   232   262
    4:   204   262   291
    5:   300   300   372
    6:   419   419   486
    7:   487   487   610
    8:   582   610   721
    9:   695   721   732
   10:   739   739   827
   11:   812   971   999
   12:   823   827   946
   13:   907   946   971
   14:  1014  1014  1111
   15:  1050  1111  1195
   16:  1114  1508  1590
   17:  1120  1195  1410
   18:  1169  1410  1508
   19:  1241  1590  1643
SUM: 1643 1510 0.9191 151.60 76.10 394
