    0:     1     1    53
    1:    11    53    62
    2:    52    62    80
    3:    85    85   107
    4:   125   125   160
    5:   147   160   180
    6:   186   186   233
    7:   196   233   258
    8:   232   258   275
    9:   265   275   341
   10:   277   341   369
   11:   333   369   433
   12:   374   433   508
   13:   422   508   529
   14:   451   529   598
   15:   503   598   626
   16:   545   626   686
   17:   546   686   731
   18:   568   731   755
   19:   626   755   820
   20:   647   820   851
   21:   649   851   887
   22:   706   887   910
   23:   756   910   949
   24:   762   949   965
   25:   820   965   970
   26:   821   970  1029
   27:   847  1029  1043
   28:   876  1043  1100
   29:   909  1100  1128
   30:   943  1128  1177
   31:   977  1177  1193
   32:  1005  1193  1231
   33:  1049  1231  1269
   34:  1060  1269  1300
   35:  1095  1300  1384
   36:  1098  1384  1467
   37:  1156  1467  1515
   38:  1184  1515  1539
   39:  1207  1539  1595
   40:  1229  1595  1609
   41:  1288  1609  1681
   42:  1303  1681  1736
   43:  1349  1736  1749
   44:  1362  1749  1783
   45:  1370  1783  1800
   46:  1394  1800  1827
   47:  1405  1827  1882
   48:  1417  1882  1891
   49:  1432  1891  1990
SUM: 1990 1960 0.9849 223.86 184.66 465
