    0:     1     1     2
    1:    14    14    73
    2:    30   221   222
    3:    40    73   186
    4:    57   215   221
    5:    94   244   308
    6:   158   186   215
    7:   179   359   374
    8:   215   222   244
    9:   268   374   492
   10:   280   308   359
   11:   303   695   710
   12:   305   581   648
   13:   334   659   677
   14:   380   492   508
   15:   389   686   695
   16:   408   648   653
   17:   409  1026  1027
   18:   422   508   546
   19:   445   715   716
   20:   447   546   552
   21:   457  1015  1020
   22:   458   710   712
   23:   464   677   686
   24:   483   947   993
   25:   496   712   715
   26:   507  1020  1026
   27:   551   552   581
   28:   583   819   836
   29:   591   816   819
   30:   592   815   816
   31:   606   716   815
   32:   615   836   842
   33:   639   653   659
   34:   696   874   928
   35:   723  1027  1029
   36:   746   993  1015
   37:   773  1406  1408
   38:   781   842   845
   39:   797   845   866
   40:   855   866   874
   41:   895  1408  1412
   42:   902   928   947
   43:   929  1281  1342
   44:   950  1095  1103
   45:   994  1029  1076
   46:  1024  1154  1242
   47:  1041  1076  1090
   48:  1042  1090  1095
   49:  1045  1103  1112
   50:  1100  1112  1154
   51:  1154  1352  1406
   52:  1160  1261  1281
   53:  1206  1242  1261
   54:  1208  1650  1653
   55:  1270  1424  1428
   56:  1303  1342  1352
   57:  1367  1412  1424
   58:  1391  1494  1499
   59:  1414  1428  1464
   60:  1437  1464  1494
   61:  1459  2202  2215
   62:  1467  1499  1512
   63:  1470  1512  1601
   64:  1533  1601  1631
   65:  1546  2168  2202
   66:  1555  1631  1650
   67:  1564  1823  1847
   68:  1569  1728  1823
   69:  1641  1653  1714
   70:  1674  1854  1871
   71:  1682  1714  1728
   72:  1738  2108  2150
   73:  1756  1991  2071
   74:  1759  2071  2108
   75:  1784  1847  1854
   76:  1867  1871  1957
   77:  1872  1961  1991
   78:  1910  1957  1961
   79:  1942  2150  2168
SUM: 2215 2202 0.9941 207.39 179.86 743
