    0:     1     1     4
    1:    30    30   130
    2:    66   130   384
    3:    89   384   445
    4:   128   445   504
    5:   207   504   648
    6:   331   648   781
    7:   378   781  1027
    8:   455  1027  1249
    9:   563  1249  1270
   10:   590  1270  1447
   11:   641  1447  1791
   12:   647  1791  1897
   13:   710  1897  1948
   14:   806  1948  2087
   15:   827  2087  2255
   16:   869  2255  2325
   17:   872  2325  2684
   18:   902  2684  2880
   19:   952  2880  3149
   20:   958  3149  3428
   21:   981  3428  3603
   22:   984  3603  4050
   23:   999  4050  4094
   24:  1042  4094  4450
   25:  1072  4450  4856
   26:  1098  4856  5319
   27:  1190  5319  5553
   28:  1259  5553  5579
   29:  1278  5579  5607
   30:  1281  5607  5613
   31:  1314  5613  5615
   32:  1336  5615  5662
   33:  1389  5662  5781
   34:  1503  5781  6046
   35:  1563  6046  6153
   36:  1614  6153  6175
   37:  1674  6175  6622
   38:  1693  6622  6842
   39:  1729  6842  6879
   40:  1844  6879  6892
   41:  1928  6892  7168
   42:  1944  7168  7504
   43:  2004  7504  7754
   44:  2050  7754  8018
   45:  2142  8018  8064
   46:  2207  8064  8204
   47:  2244  8204  8320
   48:  2248  8320  8330
   49:  2256  8330  8359
   50:  2367  8359  8432
   51:  2477  8432  8828
   52:  2490  8828  9007
   53:  2586  9007  9042
   54:  2590  9042  9130
   55:  2712  9130  9470
   56:  2783  9470  9600
   57:  2907  9600  9723
   58:  2908  9723  9912
   59:  2983  9912  9917
   60:  3085  9917  9918
   61:  3163  9918  9927
   62:  3165  9927 10088
   63:  3248 10088 10168
   64:  3287 10168 10589
   65:  3316 10589 10855
   66:  3321 10855 10909
   67:  3344 10909 10915
   68:  3449 10915 10966
   69:  3533 10966 11358
   70:  3575 11358 11471
   71:  3709 11471 11711
   72:  3746 11711 12035
   73:  3763 12035 12232
   74:  3804 12232 12487
   75:  3812 12487 12680
   76:  3866 12680 12940
   77:  4013 12940 13059
   78:  4024 13059 13118
   79:  4106 13118 13170
   80:  4176 13170 13420
   81:  4182 13420 13737
   82:  4222 13737 13926
   83:  4229 13926 13950
   84:  4287 13950 14220
   85:  4313 14220 14598
   86:  4374 14598 14673
   87:  4410 14673 14760
   88:  4426 14760 15050
   89:  4490 15050 15071
   90:  4566 15071 15098
   91:  4577 15098 15319
   92:  4649 15319 15434
   93:  4654 15434 15821
   94:  4792 15821 15848
   95:  4845 15848 15936
   96:  4850 15936 15951
   97:  4892 15951 16019
   98:  4904 16019 16047
   99:  4999 16047 16080
  100:  5027 16080 16359
  101:  5045 16359 16709
  102:  5086 16709 16852
  103:  5233 16852 16947
  104:  5242 16947 17204
  105:  5244 17204 17317
  106:  5375 17317 17597
  107:  5446 17597 17755
  108:  5487 17755 18031
  109:  5493 18031 18167
  110:  5513 18167 18376
  111:  5551 18376 18773
  112:  5575 18773 18804
  113:  5590 18804 18849
  114:  5597 18849 18888
  115:  5649 18888 19102
  116:  5658 19102 19299
  117:  5674 19299 19412
  118:  5698 19412 19636
  119:  5823 19636 19775
  120:  5969 19775 19778
  121:  6104 19778 19813
  122:  6120 19813 19981
  123:  6254 19981 20398
  124:  6267 20398 20676
  125:  6281 20676 20851
  126:  6382 20851 20969
  127:  6410 20969 21335
  128:  6449 21335 21628
  129:  6455 21628 21725
  130:  6456 21725 21731
  131:  6528 21731 21888
  132:  6624 21888 22142
  133:  6641 22142 22309
  134:  6667 22309 22658
  135:  6673 22658 22872
  136:  6691 22872 23018
  137:  6772 23018 23248
  138:  6783 23248 23369
  139:  6815 23369 23555
  140:  6823 23555 23694
  141:  6854 23694 24029
  142:  6974 24029 24444
  143:  7122 24444 24640
  144:  7137 24640 24818
  145:  7139 24818 24901
  146:  7204 24901 25173
  147:  7214 25173 25288
  148:  7227 25288 25350
  149:  7284 25350 25419
  150:  7298 25419 25513
  151:  7418 25513 25648
  152:  7508 25648 25766
  153:  7509 25766 26132
  154:  7546 26132 26363
  155:  7575 26363 26444
  156:  7583 26444 26556
  157:  7637 26556 26952
  158:  7695 26952 27239
  159:  7734 27239 27377
  160:  7801 27377 27556
  161:  7810 27556 27618
  162:  7832 27618 27670
  163:  7976 27670 27780
  164:  8051 27780 27832
  165:  8057 27832 28007
  166:  8085 28007 28485
  167:  8121 28485 28579
  168:  8198 28579 28715
  169:  8213 28715 28837
  170:  8344 28837 29036
  171:  8446 29036 29322
  172:  8483 29322 29538
  173:  8492 29538 29724
  174:  8500 29724 29986
  175:  8502 29986 30088
  176:  8515 30088 30428
  177:  8533 30428 30603
  178:  8573 30603 30740
  179:  8577 30740 30746
  180:  8688 30746 30793
  181:  8705 30793 30854
  182:  8720 30854 31075
  183:  8762 31075 31449
  184:  8777 31449 31845
  185:  8794 31845 32145
  186:  8825 32145 32171
  187:  8844 32171 32565
  188:  8902 32565 32809
  189:  8905 32809 32992
  190:  8910 32992 33345
  191:  8967 33345 33445
  192:  8987 33445 33770
  193:  9078 33770 33832
  194:  9091 33832 33882
  195:  9096 33882 34292
  196:  9102 34292 34419
  197:  9132 34419 34431
  198:  9138 34431 34750
  199:  9162 34750 35069
  200:  9233 35069 35211
  201:  9275 35211 35438
  202:  9349 35438 35769
  203:  9354 35769 35973
  204:  9370 35973 36111
  205:  9383 36111 36215
  206:  9399 36215 36479
  207:  9456 36479 36639
  208:  9540 36639 36671
  209:  9566 36671 36918
  210:  9595 36918 37153
  211:  9602 37153 37172
  212:  9691 37172 37191
  213:  9783 37191 37388
  214:  9822 37388 37766
  215:  9839 37766 37794
  216:  9922 37794 38077
  217:  9952 38077 38197
  218: 10004 38197 38229
  219: 10146 38229 38417
  220: 10203 38417 38761
  221: 10217 38761 39125
  222: 10220 39125 39141
  223: 10254 39141 39144
  224: 10280 39144 39163
  225: 10382 39163 39192
  226: 10402 39192 39588
  227: 10420 39588 39654
  228: 10463 39654 39657
  229: 10466 39657 39696
  230: 10487 39696 39837
  231: 10506 39837 39943
  232: 10513 39943 40246
  233: 10574 40246 40259
  234: 10587 40259 40295
  235: 10637 40295 40397
  236: 10734 40397 40417
  237: 10810 40417 40468
  238: 10874 40468 40822
  239: 10955 40822 40904
  240: 10958 40904 41213
  241: 11052 41213 41371
  242: 11113 41371 41493
  243: 11151 41493 41542
  244: 11167 41542 41714
  245: 11185 41714 41719
  246: 11289 41719 41780
  247: 11307 41780 41942
  248: 11379 41942 42004
  249: 11381 42004 42079
  250: 11406 42079 42360
  251: 11417 42360 42753
  252: 11505 42753 43136
  253: 11530 43136 43269
  254: 11657 43269 43366
  255: 11676 43366 43555
  256: 11758 43555 43645
  257: 11876 43645 43991
  258: 11888 43991 44048
  259: 11984 44048 44196
  260: 12058 44196 44334
  261: 12060 44334 44486
  262: 12133 44486 44547
  263: 12220 44547 44634
  264: 12308 44634 44819
  265: 12401 44819 45166
  266: 12475 45166 45248
  267: 12496 45248 45534
  268: 12604 45534 45582
  269: 12616 45582 45672
  270: 12622 45672 45854
  271: 12678 45854 46062
  272: 12713 46062 46228
  273: 12725 46228 46275
  274: 12800 46275 46588
  275: 12809 46588 46825
  276: 12892 46825 46993
  277: 13027 46993 47179
  278: 13068 47179 47300
  279: 13071 47300 47528
  280: 13128 47528 47812
  281: 13169 47812 48064
  282: 13285 48064 48285
  283: 13432 48285 48294
  284: 13472 48294 48617
  285: 13532 48617 48835
  286: 13594 48835 48987
  287: 13634 48987 49071
  288: 13742 49071 49358
  289: 13830 49358 49386
  290: 13907 49386 49545
  291: 13918 49545 49747
  292: 13928 49747 49966
  293: 13936 49966 50241
  294: 14060 50241 50496
  295: 14061 50496 50703
  296: 14066 50703 50719
  297: 14095 50719 50940
  298: 14186 50940 50979
  299: 14197 50979 51188
  300: 14239 51188 51375
  301: 14329 51375 51794
  302: 14330 51794 52139
  303: 14407 52139 52205
  304: 14435 52205 52364
  305: 14525 52364 52378
  306: 14532 52378 52594
  307: 14601 52594 52970
  308: 14663 52970 53179
  309: 14696 53179 53203
  310: 14713 53203 53292
  311: 14732 53292 53432
  312: 14777 53432 53645
  313: 14794 53645 53793
  314: 14845 53793 53822
  315: 14957 53822 53981
  316: 14979 53981 54287
  317: 14991 54287 54481
  318: 15027 54481 54795
  319: 15041 54795 54850
  320: 15082 54850 55266
  321: 15115 55266 55573
  322: 15118 55573 55819
  323: 15233 55819 56109
  324: 15327 56109 56298
  325: 15361 56298 56429
  326: 15476 56429 56751
  327: 15503 56751 56887
  328: 15535 56887 56977
  329: 15637 56977 57292
  330: 15643 57292 57675
  331: 15654 57675 57853
  332: 15696 57853 57880
  333: 15780 57880 58075
  334: 15805 58075 58087
  335: 15907 58087 58528
  336: 15912 58528 58818
  337: 15956 58818 58910
  338: 15995 58910 59075
  339: 16101 59075 59135
  340: 16194 59135 59137
  341: 16229 59137 59346
  342: 16235 59346 59394
  343: 16251 59394 59557
  344: 16291 59557 59769
  345: 16339 59769 60026
  346: 16452 60026 60099
  347: 16456 60099 60264
  348: 16466 60264 60484
  349: 16500 60484 60664
  350: 16612 60664 60760
  351: 16642 60760 60932
  352: 16701 60932 61426
  353: 16710 61426 61835
  354: 16742 61835 61900
  355: 16782 61900 62024
  356: 16810 62024 62386
  357: 16812 62386 62635
  358: 16906 62635 62743
  359: 16908 62743 62780
  360: 16938 62780 62914
  361: 17087 62914 63064
  362: 17115 63064 63202
  363: 17194 63202 63454
  364: 17318 63454 63616
  365: 17323 63616 63930
  366: 17370 63930 64110
  367: 17466 64110 64242
  368: 17501 64242 64363
  369: 17530 64363 64824
  370: 17533 64824 64837
  371: 17545 64837 65085
  372: 17662 65085 65192
  373: 17791 65192 65466
  374: 17833 65466 65580
  375: 17841 65580 65603
  376: 17894 65603 66021
  377: 17913 66021 66079
  378: 17926 66079 66103
  379: 17974 66103 66142
  380: 17995 66142 66408
  381: 18101 66408 66663
  382: 18198 66663 66679
  383: 18253 66679 67053
  384: 18297 67053 67216
  385: 18412 67216 67250
  386: 18483 67250 67308
  387: 18512 67308 67623
  388: 18534 67623 68032
  389: 18574 68032 68103
  390: 18596 68103 68180
  391: 18723 68180 68184
  392: 18798 68184 68444
  393: 18857 68444 68516
  394: 18902 68516 68525
  395: 18911 68525 68829
  396: 18998 68829 68923
  397: 19026 68923 69251
  398: 19037 69251 69583
  399: 19081 69583 69939
  400: 19129 69939 70072
  401: 19142 70072 70144
  402: 19233 70144 70295
  403: 19254 70295 70530
  404: 19338 70530 70872
  405: 19375 70872 71227
  406: 19395 71227 71381
  407: 19445 71381 71570
  408: 19475 71570 71675
  409: 19584 71675 72033
  410: 19589 72033 72505
  411: 19601 72505 72945
  412: 19606 72945 73109
  413: 19655 73109 73273
  414: 19708 73273 73340
  415: 19859 73340 73375
  416: 19910 73375 73376
  417: 19952 73376 73496
  418: 20041 73496 73701
  419: 20092 73701 73807
  420: 20152 73807 74084
  421: 20229 74084 74538
  422: 20271 74538 74847
  423: 20274 74847 75139
  424: 20331 75139 75142
  425: 20447 75142 75250
  426: 20454 75250 75296
  427: 20460 75296 75326
  428: 20476 75326 75502
  429: 20499 75502 75510
  430: 20524 75510 75592
  431: 20672 75592 75608
  432: 20676 75608 75679
  433: 20705 75679 75928
  434: 20707 75928 76377
  435: 20757 76377 76426
  436: 20844 76426 76653
  437: 20905 76653 76850
  438: 20960 76850 77068
  439: 21055 77068 77085
  440: 21099 77085 77087
  441: 21149 77087 77126
  442: 21165 77126 77141
  443: 21192 77141 77245
  444: 21196 77245 77360
  445: 21300 77360 77505
  446: 21318 77505 77730
  447: 21319 77730 78001
  448: 21340 78001 78040
  449: 21358 78040 78072
  450: 21394 78072 78335
  451: 21433 78335 78633
  452: 21468 78633 78690
  453: 21506 78690 78732
  454: 21592 78732 78859
  455: 21656 78859 78867
  456: 21784 78867 78900
  457: 21786 78900 78949
  458: 21817 78949 79206
  459: 21821 79206 79489
  460: 21870 79489 79677
  461: 21901 79677 79701
  462: 21944 79701 79857
  463: 22026 79857 79954
  464: 22029 79954 80368
  465: 22062 80368 80766
  466: 22122 80766 80867
  467: 22151 80867 80927
  468: 22166 80927 81106
  469: 22226 81106 81149
  470: 22239 81149 81431
  471: 22282 81431 81673
  472: 22287 81673 81795
  473: 22328 81795 81917
  474: 22362 81917 81964
  475: 22422 81964 82244
  476: 22430 82244 82266
  477: 22472 82266 82559
  478: 22576 82559 82733
  479: 22632 82733 83045
  480: 22670 83045 83480
  481: 22774 83480 83519
  482: 22865 83519 83580
  483: 22867 83580 83688
  484: 22950 83688 84010
  485: 23010 84010 84365
  486: 23083 84365 84471
  487: 23125 84471 84787
  488: 23264 84787 85187
  489: 23289 85187 85382
  490: 23348 85382 85591
  491: 23386 85591 85985
  492: 23394 85985 86375
  493: 23430 86375 86385
  494: 23456 86385 86440
  495: 23590 86440 86824
  496: 23604 86824 86837
  497: 23607 86837 87241
  498: 23616 87241 87252
  499: 23625 87252 87694
SUM: 87694 87667 0.9997 31386.50 31211.16 63627
