    0:     1     1     2
    1:    38    38    88
    2:    83    88   215
    3:   113   215   245
    4:   161   245   274
    5:   247   274   346
    6:   362   362   429
    7:   418   429   552
    8:   502   552   663
    9:   608   762   850
   10:   642   663   762
   11:   702   906   934
   12:   710   850   881
   13:   782   881   906
   14:   880   934  1031
   15:   907  1080  1115
   16:   958  1031  1080
   17:   962  1133  1366
   18:  1000  1459  1464
   19:  1059  1129  1133
   20:  1067  1395  1459
   21:  1097  1367  1372
   22:  1101  1115  1129
   23:  1120  1515  1573
   24:  1172  1372  1395
   25:  1209  1573  1598
   26:  1242  1366  1367
   27:  1337  1464  1484
   28:  1414  1484  1497
   29:  1438  1497  1511
   30:  1443  1511  1514
   31:  1484  1514  1515
   32:  1512  1598  1705
   33:  1574  1705  1765
   34:  1683  1962  2004
   35:  1752  1765  1951
   36:  1813  1951  1962
   37:  1882  2075  2185
   38:  1907  2057  2075
   39:  1951  2004  2057
   40:  2061  2356  2386
   41:  2150  2185  2188
   42:  2170  2188  2356
   43:  2239  2386  2481
   44:  2295  2653  2659
   45:  2390  2481  2636
   46:  2464  2668  2706
   47:  2510  2636  2648
   48:  2515  2648  2653
   49:  2525  2659  2668
SUM: 2706 2653 0.9804 183.66 130.60 459
