    0:     1     1     4
    1:    30    30   130
    2:    66   382   384
    3:    89   130   323
    4:   128   323   382
    5:   207   397   530
    6:   331   384   397
    7:   378  1171  1195
    8:   455   530   639
    9:   563   639   660
   10:   590  1096  1171
   11:   641   772   827
   12:   647   660   721
   13:   710   721   772
   14:   806   853  1021
   15:   827   827   853
   16:   869  1579  1641
   17:   872  1281  1282
   18:   902  1021  1086
   19:   952  1746  1747
   20:   958  1086  1096
   21:   981  1224  1271
   22:   984  1696  1740
   23:   999  1651  1696
   24:  1042  1195  1224
   25:  1072  1740  1746
   26:  1098  1271  1281
   27:  1190  1282  1517
   28:  1259  1532  1543
   29:  1278  1543  1571
   30:  1281  1571  1577
   31:  1314  1577  1579
   32:  1336  1517  1532
   33:  1389  1641  1651
   34:  1503  2092  2110
   35:  1563  2195  2217
   36:  1614  2110  2195
   37:  1674  1747  1748
   38:  1693  1748  1968
   39:  1729  1968  2005
   40:  1844  2005  2018
   41:  1928  2982  2992
   42:  1944  2018  2078
   43:  2004  2890  2906
   44:  2050  2078  2092
   45:  2142  2217  2296
   46:  2207  2359  2436
   47:  2244  2296  2320
   48:  2248  2320  2330
   49:  2256  2330  2359
   50:  2367  2436  2586
   51:  2477  2906  2982
   52:  2490  2768  2803
   53:  2586  2586  2768
   54:  2590  3231  3360
   55:  2712  3013  3020
   56:  2783  2803  2890
   57:  2907  2992  3013
   58:  2908  3020  3216
   59:  2983  3216  3221
   60:  3085  3221  3222
   61:  3163  3222  3231
   62:  3165  3377  3392
   63:  3248  3578  3622
   64:  3287  4030  4043
   65:  3316  3392  3467
   66:  3321  3360  3371
   67:  3344  3371  3377
   68:  3449  3467  3578
   69:  3533  4043  4058
   70:  3575  3622  3945
   71:  3709  4525  4559
   72:  3746  3945  4029
   73:  3763  4279  4432
   74:  3804  4612  4687
   75:  3812  4492  4494
   76:  3866  4029  4030
   77:  4013  4198  4205
   78:  4024  4058  4146
   79:  4106  4146  4198
   80:  4176  4559  4596
   81:  4182  4205  4279
   82:  4222  4432  4468
   83:  4229  4468  4492
   84:  4287  5157  5158
   85:  4313  4596  4600
   86:  4374  4494  4525
   87:  4410  4600  4612
   88:  4426  5051  5052
   89:  4490  5055  5079
   90:  4566  5079  5106
   91:  4577  4764  4879
   92:  4649  4687  4764
   93:  4654  5130  5157
   94:  4792  5106  5130
   95:  4845  4879  5036
   96:  4850  5036  5051
   97:  4892  5299  5327
   98:  4904  5158  5299
   99:  4999  5327  5332
  100:  5027  5567  5611
  101:  5045  5052  5055
  102:  5086  5332  5404
  103:  5233  5409  5499
  104:  5242  5967  6016
  105:  5244  6079  6129
  106:  5375  5404  5409
  107:  5446  5499  5567
  108:  5487  5966  5967
  109:  5493  5674  5831
  110:  5513  6016  6040
  111:  5551  5611  5615
  112:  5575  5668  5674
  113:  5590  5615  5629
  114:  5597  5629  5668
  115:  5649  5881  5882
  116:  5658  6040  6079
  117:  5674  5882  5966
  118:  5698  6501  6516
  119:  5823  5831  5881
  120:  5969  6129  6380
  121:  6104  6380  6415
  122:  6120  6516  6583
  123:  6254  7134  7136
  124:  6267  6415  6444
  125:  6281  6583  6619
  126:  6382  6444  6501
  127:  6410  7136  7167
  128:  6449  6619  6810
  129:  6455  6932  6971
  130:  6456  6971  6977
  131:  6528  7086  7134
  132:  6624  6810  6816
  133:  6641  7953  8035
  134:  6667  7053  7062
  135:  6673  6829  6848
  136:  6691  8036  8046
  137:  6772  6848  6932
  138:  6783  7006  7053
  139:  6815  6816  6829
  140:  6823  6977  7006
  141:  6854  8050  8077
  142:  6974  7062  7086
  143:  7122  7167  7444
  144:  7137  8035  8036
  145:  7139  7918  7953
  146:  7204  7607  7621
  147:  7214  7472  7506
  148:  7227  7444  7444
  149:  7284  7506  7513
  150:  7298  7590  7607
  151:  7418  7444  7472
  152:  7508  7513  7590
  153:  7509  8077  8078
  154:  7546  7763  7847
  155:  7575  7648  7760
  156:  7583  7621  7648
  157:  7637  8046  8050
  158:  7695  7760  7763
  159:  7734  8454  8581
  160:  7801  8348  8352
  161:  7810  7847  7866
  162:  7832  7866  7918
  163:  7976  8078  8348
  164:  8051  8377  8450
  165:  8057  8600  8663
  166:  8085  9890  9911
  167:  8121  9783  9797
  168:  8198  8352  8377
  169:  8213  9778  9783
  170:  8344  8450  8454
  171:  8446  9881  9890
  172:  8483  9445  9458
  173:  8492  9859  9860
  174:  8500  8663  8828
  175:  8502  8581  8600
  176:  8515  9815  9816
  177:  8533  9228  9445
  178:  8573  9772  9778
  179:  8577  9761  9772
  180:  8688  9816  9819
  181:  8705  9743  9758
  182:  8720  8828  8869
  183:  8762  9930  9931
  184:  8777  8869  8891
  185:  8794  9797  9815
  186:  8825  9860  9861
  187:  8844  8891  8959
  188:  8902  9511  9601
  189:  8905  8959  9020
  190:  8910  9878  9881
  191:  8967  9758  9761
  192:  8987  9020  9092
  193:  9078  9104  9154
  194:  9091  9092  9104
  195:  9096  9861  9878
  196:  9102  9656  9731
  197:  9132  9735  9743
  198:  9138  9154  9228
  199:  9162  9743  9743
  200:  9233  9481  9511
  201:  9275  9819  9828
  202:  9349 10335 10345
  203:  9354  9601  9611
  204:  9370  9838  9859
  205:  9383  9731  9735
  206:  9399 10353 10371
  207:  9456  9458  9481
  208:  9540  9637  9649
  209:  9566  9911  9930
  210:  9595  9611  9637
  211:  9602  9649  9656
  212:  9691 10183 10205
  213:  9783 10391 10402
  214:  9822  9828  9838
  215:  9839  9931 10052
  216:  9922 10215 10335
  217:  9952 10205 10215
  218: 10004 10052 10183
  219: 10146 10371 10371
  220: 10203 10480 10777
  221: 10217 10375 10391
  222: 10220 10372 10375
  223: 10254 10371 10372
  224: 10280 10345 10353
  225: 10382 10402 10480
  226: 10402 10852 10876
  227: 10420 10777 10810
  228: 10463 10810 10813
  229: 10466 10817 10852
  230: 10487 10994 11041
  231: 10506 10813 10817
  232: 10513 11938 11948
  233: 10574 11948 11961
  234: 10587 11901 11925
  235: 10637 12007 12027
  236: 10734 11993 12007
  237: 10810 12044 12058
  238: 10874 10876 10994
  239: 10955 11041 11170
  240: 10958 11925 11931
  241: 11052 11248 11321
  242: 11113 11170 11199
  243: 11151 11199 11248
  244: 11167 11324 11420
  245: 11185 11420 11425
  246: 11289 11931 11938
  247: 11307 11321 11324
  248: 11379 11425 11464
  249: 11381 11464 11539
  250: 11406 12034 12044
  251: 11417 11539 11651
  252: 11505 12027 12034
  253: 11530 11651 11901
  254: 11657 12376 12386
  255: 11676 11961 11993
  256: 11758 12058 12083
  257: 11876 12437 12453
  258: 11888 12453 12510
  259: 11984 12200 12338
  260: 12058 12083 12200
  261: 12060 12350 12376
  262: 12133 12386 12437
  263: 12220 12338 12350
  264: 12308 13106 13111
  265: 12401 12510 12512
  266: 12475 12512 12594
  267: 12496 12594 12880
  268: 12604 13013 13016
  269: 12616 13016 13106
  270: 12622 12911 12924
  271: 12678 13111 13132
  272: 12713 12880 12882
  273: 12725 12924 13013
  274: 12800 13495 13564
  275: 12809 12882 12911
  276: 12892 13416 13495
  277: 13027 13188 13309
  278: 13068 13132 13188
  279: 13071 13384 13416
  280: 13128 13132 13132
  281: 13169 13309 13384
  282: 13285 13956 13965
  283: 13432 13902 13956
  284: 13472 13495 13495
  285: 13532 13564 13851
  286: 13594 14270 14367
  287: 13634 14434 14451
  288: 13742 13874 13902
  289: 13830 13851 13874
  290: 13907 13965 14033
  291: 13918 14227 14235
  292: 13928 14451 14454
  293: 13936 14033 14179
  294: 14060 14367 14434
  295: 14061 14179 14227
  296: 14066 14235 14243
  297: 14095 14947 14986
  298: 14186 14925 14947
  299: 14197 14243 14270
  300: 14239 14917 14925
  301: 14329 14454 14502
  302: 14330 14845 14851
  303: 14407 14851 14917
  304: 14435 14502 14754
  305: 14525 14756 14772
  306: 14532 14986 14988
  307: 14601 15360 15364
  308: 14663 14772 14821
  309: 14696 14829 14845
  310: 14713 14754 14756
  311: 14732 15313 15360
  312: 14777 14821 14829
  313: 14794 15266 15295
  314: 14845 15163 15266
  315: 14957 15409 15425
  316: 14979 14988 15119
  317: 14991 15295 15313
  318: 15027 15992 16035
  319: 15041 15939 15980
  320: 15082 15439 15470
  321: 15115 15119 15163
  322: 15118 15364 15409
  323: 15233 15871 15915
  324: 15327 15470 15632
  325: 15361 15425 15439
  326: 15476 15915 15917
  327: 15503 15632 15687
  328: 15535 15734 15871
  329: 15637 16543 16586
  330: 15643 15917 15939
  331: 15654 15687 15707
  332: 15696 15707 15734
  333: 15780 16591 16603
  334: 15805 16586 16591
  335: 15907 15980 15992
  336: 15912 16427 16440
  337: 15956 16440 16532
  338: 15995 16035 16295
  339: 16101 16425 16427
  340: 16194 16331 16425
  341: 16229 16920 16990
  342: 16235 16993 17038
  343: 16251 16295 16331
  344: 16291 16532 16543
  345: 16339 16868 16920
  346: 16452 16990 16993
  347: 16456 16603 16828
  348: 16466 17038 17048
  349: 16500 16857 16868
  350: 16612 17426 17440
  351: 16642 17609 17612
  352: 16701 17048 17094
  353: 16710 17490 17527
  354: 16742 17580 17592
  355: 16782 17463 17468
  356: 16810 17094 17106
  357: 16812 16828 16857
  358: 16906 17442 17463
  359: 16908 17328 17426
  360: 16938 17106 17292
  361: 17087 17440 17442
  362: 17115 17527 17580
  363: 17194 17292 17328
  364: 17318 17488 17490
  365: 17323 18498 18538
  366: 17370 17841 17868
  367: 17466 17468 17488
  368: 17501 17592 17609
  369: 17530 18545 18566
  370: 17533 18566 18579
  371: 17545 17612 17841
  372: 17662 17868 18002
  373: 17791 18442 18498
  374: 17833 18605 18612
  375: 17841 18579 18589
  376: 17894 18050 18055
  377: 17913 18089 18113
  378: 17926 18055 18089
  379: 17974 18002 18050
  380: 17995 18187 18442
  381: 18101 18113 18187
  382: 18198 19028 19053
  383: 18253 18538 18545
  384: 18297 18612 18842
  385: 18412 18842 18876
  386: 18483 18884 18934
  387: 18512 18589 18605
  388: 18534 19009 19028
  389: 18574 18934 18957
  390: 18596 18876 18880
  391: 18723 18880 18884
  392: 18798 19518 19590
  393: 18857 19516 19518
  394: 18902 19463 19509
  395: 18911 18957 19009
  396: 18998 19053 19103
  397: 19026 19107 19439
  398: 19037 19103 19107
  399: 19081 19439 19463
  400: 19129 19787 19850
  401: 19142 19865 19922
  402: 19233 19591 19771
  403: 19254 19983 20006
  404: 19338 19509 19516
  405: 19375 20018 20019
  406: 19395 19850 19865
  407: 19445 20019 20054
  408: 19475 19922 19949
  409: 19584 19590 19591
  410: 19589 20054 20063
  411: 19601 20469 20503
  412: 19606 19771 19787
  413: 19655 19949 19951
  414: 19708 20006 20018
  415: 19859 19982 19983
  416: 19910 19951 19982
  417: 19952 20063 20264
  418: 20041 20363 20469
  419: 20092 20264 20363
  420: 20152 21872 21876
  421: 20229 20526 20540
  422: 20271 20846 20849
  423: 20274 20503 20523
  424: 20331 20523 20526
  425: 20447 20540 20662
  426: 20454 20678 20708
  427: 20460 20662 20678
  428: 20476 20849 20854
  429: 20499 20819 20846
  430: 20524 20748 20764
  431: 20672 20708 20748
  432: 20676 20764 20819
  433: 20705 20986 21138
  434: 20707 21876 21901
  435: 20757 21816 21838
  436: 20844 20854 20965
  437: 20905 21753 21802
  438: 20960 20965 20986
  439: 21055 21305 21307
  440: 21099 21138 21305
  441: 21149 21307 21348
  442: 21165 21348 21363
  443: 21192 21455 21649
  444: 21196 21363 21374
  445: 21300 21649 21679
  446: 21318 21374 21454
  447: 21319 21718 21725
  448: 21340 21679 21686
  449: 21358 21717 21718
  450: 21394 21454 21455
  451: 21433 21725 21753
  452: 21468 21805 21816
  453: 21506 21845 21872
  454: 21592 21725 21725
  455: 21656 21686 21717
  456: 21784 21901 22032
  457: 21786 21802 21805
  458: 21817 22325 22384
  459: 21821 21838 21845
  460: 21870 22285 22289
  461: 21901 22104 22265
  462: 21944 22407 22421
  463: 22026 22502 22518
  464: 22029 22032 22104
  465: 22062 22461 22502
  466: 22122 22384 22401
  467: 22151 22421 22461
  468: 22166 22265 22282
  469: 22226 22289 22325
  470: 22239 22984 22993
  471: 22282 22282 22285
  472: 22287 22401 22407
  473: 22328 22704 22751
  474: 22362 22669 22704
  475: 22422 22974 22984
  476: 22430 22927 22962
  477: 22472 22518 22669
  478: 22576 22751 22843
  479: 22632 23702 23737
  480: 22670 22962 22966
  481: 22774 22843 22927
  482: 22865 22993 23120
  483: 22867 22966 22974
  484: 22950 23261 23616
  485: 23010 23155 23261
  486: 23083 23120 23155
  487: 23125 23663 23683
  488: 23264 24191 24193
  489: 23289 23738 23998
  490: 23348 24203 24207
  491: 23386 23616 23663
  492: 23394 24193 24203
  493: 23430 24207 24213
  494: 23456 23998 24158
  495: 23590 23689 23702
  496: 23604 23683 23689
  497: 23607 24180 24191
  498: 23616 24158 24180
  499: 23625 23737 23738
SUM: 24213 24186 0.9989 412.15 363.78 1805
