    0:     1     1     4
    1:    80    80   180
    2:   176   180   434
    3:   240   434   495
    4:   342   495   554
    5:   520   554   698
    6:   753   753   886
    7:   871   886  1132
    8:  1045  1132  1354
    9:  1262  1552  1729
   10:  1335  1354  1552
   11:  1462  1841  1896
   12:  1480  1729  1790
   13:  1630  1790  1841
   14:  1832  1896  2090
   15:  1890  2188  2258
   16:  1999  2090  2188
   17:  2009  2294  2759
   18:  2090  2945  2955
   19:  2215  2258  2294
   20:  2232  2817  2945
   21:  2296  2760  2770
   22:  2306  3173  3217
   23:  2348  3054  3173
   24:  2458  2770  2817
   25:  2538  3217  3223
   26:  2609  2759  2760
   27:  2805  2955  2994
   28:  2966  2994  3020
   29:  3018  3020  3048
   30:  3029  3048  3054
   31:  3116  3437  3484
   32:  3176  3223  3437
   33:  3307  3484  3556
   34:  3530  3556  3821
   35:  3675  3821  3928
   36:  3803  3928  3950
   37:  3947  3950  4397
   38:  4001  4680  4717
   39:  4095  4667  4680
   40:  4319  4397  4667
   41:  4504  4857  4943
   42:  4548  5293  5307
   43:  4693  4717  4857
   44:  4811  4943  5293
   45:  5007  5387  5527
   46:  5162  5310  5387
   47:  5260  5527  5551
   48:  5271  5551  5561
   49:  5294  5307  5310
   50:  5514  5561  5605
   51:  5732  5732  6128
   52:  5770  6518  6553
   53:  5972  6430  6518
   54:  5985  6128  6430
   55:  6216  6763  6770
   56:  6380  6553  6640
   57:  6613  6640  6763
   58:  6618  6770  6966
   59:  6789  6966  6971
   60:  6998  6998  6999
   61:  7174  7174  7183
   62:  7182  7183  7344
   63:  7366  7366  7446
   64:  7468  7468  7889
   65:  7547  8323  8377
   66:  7562  8317  8323
   67:  7626  8266  8317
   68:  7839  7889  8266
   69:  8024  8629  8658
   70:  8133  8377  8545
   71:  8375  9139  9267
   72:  8473  8545  8629
   73:  8521  9332  9394
   74:  8627  8658  9139
   75:  8650  9267  9332
   76:  8783  9547  9592
   77:  9035  9394  9473
   78:  9068  9480  9532
   79:  9250  9473  9480
   80:  9413  9592  9954
   81:  9432  9532  9547
   82:  9536 10058 10082
   83:  9558 10025 10058
   84:  9699 10249 10328
   85:  9771 10720 10730
   86:  9918  9954 10025
   87: 10012 10328 10718
   88: 10058 10082 10228
   89: 10211 10228 10249
   90: 10384 10835 11056
   91: 10417 10730 10835
   92: 10584 10718 10720
   93: 10598 11080 11107
   94: 10843 11056 11080
   95: 10975 11303 11328
   96: 10990 11328 11343
   97: 11098 11107 11275
   98: 11133 11275 11303
   99: 11135 11343 11402
SUM: 11402 10897 0.9557 379.69 270.72 949
