#io generator
#numio=100 maxtracks=512 lambda=0.900000
1 3
80 103
176 357
240 296
342 355
520 211
753 344
871 98
1045 320
1262 299
1335 122
1462 466
1480 360
1630 411
1832 272
1890 440
1999 370
2009 11
2090 207
2215 476
2232 197
2296 22
2306 469
2348 425
2458 69
2538 475
2609 12
2805 246
2966 272
3018 300
3029 306
3116 308
3176 261
3307 380
3530 115
3675 8
3803 30
3947 477
4001 257
4095 220
4319 207
4504 483
4548 147
4693 397
4811 133
5007 87
5162 227
5260 111
5271 121
5294 150
5514 77
5732 473
5770 294
5972 259
5985 171
6216 511
6380 381
6613 504
6618 315
6789 310
6998 309
7174 300
7182 139
7366 59
7468 480
7547 214
7562 160
7626 154
7839 103
8024 495
8133 382
8375 142
8473 466
8521 269
8627 14
8650 207
8783 467
9035 348
9068 407
9250 355
9413 105
9432 422
9536 233
9558 209
9699 479
9771 101
9918 176
10012 89
10058 379
10211 400
10384 427
10417 206
10584 91
10598 478
10843 451
10975 363
10990 378
11098 310
11133 338
11135 437
