#io generator
#numio=100 maxtracks=512 lambda=0.010000
1 3
105 103
228 357
315 296
444 355
644 211
885 344
1031 98
1228 320
1458 299
1556 122
1711 466
1738 360
1914 411
2133 272
2213 440
2350 370
2365 11
2472 207
2625 476
2650 197
2737 22
2752 469
2812 425
2950 69
3056 475
3151 12
3365 246
3551 272
3623 300
3639 306
3753 308
3835 261
3994 380
4228 115
4400 8
4556 30
4727 477
4802 257
4923 220
5158 207
5364 483
5426 147
5598 397
5744 133
5959 87
6140 227
6265 111
6282 121
6316 150
6548 77
6779 473
6832 294
7051 259
7071 171
7311 511
7500 381
7741 504
7749 315
7944 310
8168 309
8367 300
8379 139
8584 59
8713 480
8817 214
8840 160
8927 154
9154 103
9360 495
9497 382
9744 142
9869 466
9936 269
10070 14
10104 207
10265 467
10518 348
10565 407
10768 355
10956 105
10984 422
11116 233
11148 209
11316 479
11412 101
11586 176
11707 89
11771 379
11950 400
12147 427
12194 206
12385 91
12406 478
12655 451
12815 363
12837 378
12973 310
13022 338
13025 437
