#io generator
#numio=80 maxtracks=1000 lambda=3.400000
1 6
45 202
100 698
135 579
194 694
319 412
533 673
604 191
724 626
903 585
944 240
1022 911
1031 704
1128 802
1284 532
1315 860
1379 723
1384 21
1430 405
1506 930
1514 385
1549 44
1554 917
1576 831
1641 135
1686 928
1725 25
1872 481
1979 531
2007 587
2012 598
2061 602
2093 510
2174 743
2365 225
2457 16
2535 60
2627 933
2656 502
2710 431
2903 405
3036 944
3059 288
3151 777
3222 260
3369 171
3470 443
3527 218
3532 236
3544 293
3730 150
3913 925
3933 576
4089 507
4096 335
4305 998
4416 745
4630 986
4632 616
4750 607
4916 604
5039 586
5043 272
5175 115
5234 939
5278 418
5286 313
5321 301
5494 202
5628 968
5692 747
5933 279
5990 910
6016 526
6078 28
6090 404
6173 912
6452 681
6469 795
6598 693
