#io generator
#numio=80 maxtracks=300 lambda=3.400000
1 1
14 60
30 209
40 173
57 208
94 123
158 202
179 57
215 187
268 175
280 72
303 273
305 211
334 240
380 159
389 258
408 216
409 6
422 121
445 279
447 115
457 13
458 275
464 249
483 40
496 278
507 7
551 144
583 159
591 176
592 179
606 180
615 153
639 222
696 67
723 4
746 18
773 279
781 150
797 129
855 121
895 283
902 86
929 233
950 78
994 51
1024 133
1041 65
1042 70
1045 87
1100 45
1154 277
1160 172
1206 152
1208 100
1270 299
1303 223
1367 295
1391 228
1414 263
1437 233
1459 14
1467 241
1470 152
1533 122
1546 27
1555 103
1564 266
1569 242
1641 161
1674 290
1682 147
1738 79
1756 158
1759 121
1784 273
1867 204
1872 238
1910 208
1942 61
