#io generator
#numio=500 maxtracks=512 lambda=2.400000
1 3
30 103
66 357
89 296
128 355
207 211
331 344
378 98
455 320
563 299
590 122
641 466
647 360
710 411
806 272
827 440
869 370
872 11
902 207
952 476
958 197
981 22
984 469
999 425
1042 69
1072 475
1098 12
1190 246
1259 272
1278 300
1281 306
1314 308
1336 261
1389 380
1503 115
1563 8
1614 30
1674 477
1693 257
1729 220
1844 207
1928 483
1944 147
2004 397
2050 133
2142 87
2207 227
2244 111
2248 121
2256 150
2367 77
2477 473
2490 294
2586 259
2590 171
2712 511
2783 381
2907 504
2908 315
2983 310
3085 309
3163 300
3165 139
3248 59
3287 480
3316 214
3321 160
3344 154
3449 103
3533 495
3575 382
3709 142
3746 466
3763 269
3804 14
3812 207
3866 467
4013 348
4024 407
4106 355
4176 105
4182 422
4222 233
4229 209
4287 479
4313 101
4374 176
4410 89
4426 379
4490 400
4566 427
4577 206
4649 91
4654 478
4792 451
4845 363
4850 378
4892 310
4904 338
4999 305
5027 26
5045 376
5086 233
5233 138
5242 395
5244 508
5375 228
5446 70
5487 346
5493 210
5513 419
5551 22
5575 53
5590 8
5597 47
5649 261
5658 458
5674 345
5698 121
5823 260
5969 257
6104 222
6120 54
6254 471
6267 193
6281 18
6382 136
6410 502
6449 209
6455 306
6456 312
6528 469
6624 215
6641 48
6667 397
6673 183
6691 37
6772 267
6783 388
6815 202
6823 341
6854 6
6974 421
7122 225
7137 47
7139 130
7204 402
7214 287
7227 225
7284 294
7298 388
7418 253
7508 371
7509 5
7546 236
7575 317
7583 429
7637 33
7695 320
7734 458
7801 279
7810 217
7832 165
7976 275
8051 327
8057 502
8085 24
8121 118
8198 254
8213 132
8344 331
8446 45
8483 261
8492 75
8500 337
8502 439
8515 99
8533 274
8573 137
8577 143
8688 96
8705 157
8720 378
8762 4
8777 400
8794 100
8825 74
8844 468
8902 224
8905 407
8910 54
8967 154
8987 479
9078 417
9091 467
9096 57
9102 184
9132 172
9138 491
9162 172
9233 314
9275 87
9349 418
9354 214
9370 76
9383 180
9399 444
9456 284
9540 252
9566 5
9595 240
9602 259
9691 278
9783 475
9822 97
9839 125
9922 408
9952 288
10004 256
10146 444
10203 100
10217 464
10220 448
10254 445
10280 426
10382 397
10402 1
10420 67
10463 64
10466 25
10487 166
10506 60
10513 363
10574 376
10587 340
10637 442
10734 422
10810 473
10874 119
10955 37
10958 346
11052 188
11113 66
11151 115
11167 287
11185 292
11289 353
11307 191
11379 253
11381 178
11406 459
11417 66
11505 449
11530 316
11657 219
11676 408
11758 498
11876 152
11888 95
11984 243
12058 381
12060 229
12133 168
12220 255
12308 440
12401 93
12475 11
12496 297
12604 345
12616 435
12622 253
12678 461
12713 295
12725 342
12800 29
12809 266
12892 98
13027 284
13068 405
13071 177
13128 461
13169 209
13285 430
13432 421
13472 98
13532 316
13594 164
13634 80
13742 367
13830 339
13907 498
13918 296
13928 77
13936 352
14060 97
14061 304
14066 288
14095 509
14186 470
14197 261
14239 448
14329 29
14330 374
14407 440
14435 281
14525 295
14532 511
14601 135
14663 344
14696 368
14713 279
14732 139
14777 352
14794 204
14845 233
14957 74
14979 380
14991 186
15027 500
15041 445
15082 29
15115 336
15118 90
15233 380
15327 191
15361 60
15476 382
15503 246
15535 336
15637 21
15643 404
15654 226
15696 199
15780 4
15805 16
15907 457
15912 167
15956 75
15995 240
16101 180
16194 182
16229 391
16235 439
16251 276
16291 64
16339 321
16452 394
16456 229
16466 449
16500 269
16612 173
16642 1
16701 495
16710 86
16742 21
16782 145
16810 507
16812 258
16906 150
16908 187
16938 321
17087 171
17115 33
17194 285
17318 123
17323 437
17370 257
17466 125
17501 4
17530 465
17533 478
17545 230
17662 123
17791 397
17833 511
17841 488
17894 70
17913 12
17926 36
17974 75
17995 341
18101 86
18198 70
18253 444
18297 281
18412 247
18483 189
18512 504
18534 95
18574 166
18596 243
18723 239
18798 499
18857 427
18902 418
18911 114
18998 20
19026 348
19037 16
19081 372
19129 239
19142 167
19233 318
19254 83
19338 425
19375 70
19395 224
19445 35
19475 140
19584 498
19589 26
19601 466
19606 302
19655 138
19708 71
19859 106
19910 107
19952 227
20041 432
20092 326
20152 49
20229 503
20271 194
20274 486
20331 489
20447 381
20454 335
20460 365
20476 189
20499 197
20524 279
20672 295
20676 224
20705 473
20707 24
20757 73
20844 300
20905 103
20960 321
21055 304
21099 306
21149 345
21165 360
21192 256
21196 371
21300 226
21318 451
21319 180
21340 219
21358 187
21394 450
21433 152
21468 95
21506 53
21592 180
21656 188
21784 155
21786 106
21817 363
21821 80
21870 268
21901 244
21944 400
22026 497
22029 83
22062 481
22122 380
22151 440
22166 261
22226 304
22239 22
22282 264
22287 386
22328 264
22362 311
22422 31
22430 53
22472 346
22576 172
22632 484
22670 49
22774 88
22865 149
22867 41
22950 363
23010 8
23083 114
23125 430
23264 30
23289 225
23348 16
23386 410
23394 20
23430 10
23456 65
23590 449
23604 436
23607 32
23616 43
23625 485
