    0:     1     1     2
    1:    38    38    88
    2:    83    88   215
    3:   113   215   245
    4:   161   245   274
    5:   247   274   346
    6:   362   362   429
    7:   418   429   552
    8:   502   552   663
    9:   608   663   674
   10:   642   674   762
   11:   702   762   934
   12:   710   934   987
   13:   782   987  1012
   14:   880  1012  1081
   15:   907  1081  1165
   16:   958  1165  1200
   17:   962  1200  1380
   18:  1000  1380  1478
   19:  1059  1478  1613
   20:  1067  1613  1753
   21:  1097  1753  1840
   22:  1101  1840  2063
   23:  1120  2063  2085
   24:  1172  2085  2263
   25:  1209  2263  2466
   26:  1242  2466  2697
   27:  1337  2697  2814
   28:  1414  2814  2827
   29:  1438  2827  2841
   30:  1443  2841  2844
   31:  1484  2844  2845
   32:  1512  2845  2869
   33:  1574  2869  2929
   34:  1683  2929  3062
   35:  1752  3062  3115
   36:  1813  3115  3126
   37:  1882  3126  3349
   38:  1907  3349  3459
   39:  1951  3459  3477
   40:  2061  3477  3484
   41:  2150  3484  3622
   42:  2170  3622  3790
   43:  2239  3790  3915
   44:  2295  3915  4047
   45:  2390  4047  4070
   46:  2464  4070  4140
   47:  2510  4140  4198
   48:  2515  4198  4203
   49:  2525  4203  4218
SUM: 4218 4165 0.9874 917.18 833.88 1683
