    0:     1     1    53
    1:    11    53    62
    2:    52    62    80
    3:    85    85   107
    4:   125   125   160
    5:   147   160   180
    6:   186   186   233
    7:   196   233   258
    8:   232   258   275
    9:   265   275   341
   10:   277   377   441
   11:   333   341   377
   12:   374   441   452
   13:   422   452   473
   14:   451   473   542
   15:   503   542   570
   16:   545   603   648
   17:   546   579   603
   18:   568   570   579
   19:   626   648   652
   20:   647   652   683
   21:   649   683   719
   22:   706   719   742
   23:   756   756   795
   24:   762   795   811
   25:   820   820   825
   26:   821   825   884
   27:   847   884   898
   28:   876   898   955
   29:   909   955   983
   30:   943   983  1032
   31:   977  1054  1092
   32:  1005  1032  1054
   33:  1049  1137  1168
   34:  1060  1092  1137
   35:  1095  1248  1283
   36:  1098  1168  1200
   37:  1156  1200  1248
   38:  1184  1283  1342
   39:  1207  1384  1398
   40:  1229  1342  1384
   41:  1288  1452  1484
   42:  1303  1425  1429
   43:  1349  1429  1442
   44:  1362  1398  1408
   45:  1370  1408  1425
   46:  1394  1442  1452
   47:  1405  1498  1507
   48:  1417  1484  1498
   49:  1432  1507  1615
SUM: 1615 1562 0.9672 78.36 47.12 177
