    0:     1     1     2
    1:    48    48    98
    2:   105   105   232
    3:   144   232   262
    4:   204   262   291
    5:   300   300   372
    6:   419   419   486
    7:   487   487   610
    8:   582   610   721
    9:   695   721   732
   10:   739   739   827
   11:   812   827   999
   12:   823   999  1052
   13:   907  1052  1077
   14:  1014  1077  1146
   15:  1050  1146  1230
   16:  1114  1230  1265
   17:  1120  1265  1445
   18:  1169  1445  1543
   19:  1241  1543  1678
SUM: 1678 1560 0.9297 154.70 76.70 302
