    0:     1     1     2
    1:    14    14    73
    2:    30   221   222
    3:    40    73   186
    4:    57   215   221
    5:    94   244   308
    6:   158   186   215
    7:   179   359   374
    8:   215   222   244
    9:   268   374   492
   10:   280   308   359
   11:   303   575   590
   12:   305   492   528
   13:   334   533   557
   14:   380   699   716
   15:   389   566   575
   16:   408   528   533
   17:   409   868   869
   18:   422   731   754
   19:   445   595   596
   20:   447   754   760
   21:   457   857   862
   22:   458   590   592
   23:   464   557   566
   24:   483   808   835
   25:   496   592   595
   26:   507   862   868
   27:   551   722   731
   28:   583   716   716
   29:   591   696   699
   30:   592   596   696
   31:   606  1017  1047
   32:   615   716   722
   33:   639  1047  1089
   34:   696   760   808
   35:   723   869   871
   36:   746   835   857
   37:   773  1100  1146
   38:   781   996  1017
   39:   797   988   996
   40:   855   871   988
   41:   895  1146  1150
   42:   902  1346  1347
   43:   929  1089  1100
   44:   950  1347  1355
   45:   994  1368  1382
   46:  1024  1150  1300
   47:  1041  1363  1368
   48:  1042  1355  1363
   49:  1045  1333  1346
   50:  1100  1382  1388
   51:  1154  1609  1620
   52:  1160  1495  1515
   53:  1206  1388  1495
   54:  1208  1300  1333
   55:  1270  1638  1642
   56:  1303  1515  1566
   57:  1367  1620  1638
   58:  1391  1566  1571
   59:  1414  1585  1606
   60:  1437  1571  1576
   61:  1459  1914  1927
   62:  1467  1576  1584
   63:  1470  1495  1495
   64:  1533  1794  1819
   65:  1546  1862  1914
   66:  1555  1820  1838
   67:  1564  1606  1609
   68:  1569  1584  1585
   69:  1641  1642  1780
   70:  1674  2186  2203
   71:  1682  1783  1794
   72:  1738  1838  1862
   73:  1756  1780  1783
   74:  1759  1819  1820
   75:  1784  2151  2186
   76:  1867  1927  2117
   77:  1872  2121  2151
   78:  1910  2117  2121
   79:  1942  2203  2432
SUM: 2432 2419 0.9947 229.31 199.07 512
