    0:     1     1     4
    1:    90    90   190
    2:   197   197   451
    3:   270   453   512
    4:   384   451   453
    5:   572   572   657
    6:   809   809   942
    7:   939   942  1188
    8:  1124  1188  1410
    9:  1347  1410  1431
   10:  1430  1431  1608
   11:  1569  1897  1952
   12:  1590  1608  1846
   13:  1752  1846  1897
   14:  1962  1962  2156
   15:  2029  2254  2324
   16:  2150  2156  2254
   17:  2162  2557  2753
   18:  2254  2324  2557
   19:  2391  2753  3218
SUM: 3218 2902 0.9018 239.05 93.95 395
