    0:     1     1    53
    1:    11    53    62
    2:    52    62    80
    3:    85    85   107
    4:   125   125   160
    5:   147   160   180
    6:   186   186   233
    7:   196   233   258
    8:   232   258   275
    9:   265   275   341
   10:   277   377   441
   11:   333   341   377
   12:   374   441   452
   13:   422   452   473
   14:   451   473   542
   15:   503   542   570
   16:   545   603   648
   17:   546   579   603
   18:   568   570   579
   19:   626   648   652
   20:   647   652   683
   21:   649   683   719
   22:   706   719   742
   23:   756   756   795
   24:   762   795   811
   25:   820   820   825
   26:   821   825   884
   27:   847   884   898
   28:   876   898   955
   29:   909   955   983
   30:   943  1016  1032
   31:   977   983  1016
   32:  1005  1032  1054
   33:  1049  1054  1092
   34:  1060  1092  1123
   35:  1095  1124  1207
   36:  1098  1123  1124
   37:  1156  1207  1242
   38:  1184  1242  1266
   39:  1207  1308  1322
   40:  1229  1266  1308
   41:  1288  1366  1408
   42:  1303  1322  1353
   43:  1349  1353  1366
   44:  1362  1513  1530
   45:  1370  1486  1513
   46:  1394  1440  1486
   47:  1405  1408  1431
   48:  1417  1431  1440
   49:  1432  1530  1539
SUM: 1539 1486 0.9656 63.44 33.72 151
