    0:     1     1     4
    1:   105   105   205
    2:   228   228   482
    3:   315   482   543
    4:   444   543   602
    5:   644   644   788
    6:   885   885  1018
    7:  1031  1031  1277
    8:  1228  1277  1499
    9:  1458  1499  1520
   10:  1556  1556  1733
   11:  1711  1733  2077
   12:  1738  2077  2183
   13:  1914  2183  2234
   14:  2133  2234  2373
   15:  2213  2373  2541
   16:  2350  2541  2611
   17:  2365  2611  2970
   18:  2472  2970  3166
   19:  2625  3166  3435
   20:  2650  3435  3714
   21:  2737  3714  3889
   22:  2752  3889  4336
   23:  2812  4336  4380
   24:  2950  4380  4736
   25:  3056  4736  5142
   26:  3151  5142  5605
   27:  3365  5605  5839
   28:  3551  5839  5865
   29:  3623  5865  5893
   30:  3639  5893  5899
   31:  3753  5899  5901
   32:  3835  5901  5948
   33:  3994  5948  6067
   34:  4228  6067  6332
   35:  4400  6332  6439
   36:  4556  6439  6461
   37:  4727  6461  6908
   38:  4802  6908  7128
   39:  4923  7128  7165
   40:  5158  7165  7178
   41:  5364  7178  7454
   42:  5426  7454  7790
   43:  5598  7790  8040
   44:  5744  8040  8304
   45:  5959  8304  8350
   46:  6140  8350  8490
   47:  6265  8490  8606
   48:  6282  8606  8616
   49:  6316  8616  8645
   50:  6548  8645  8718
   51:  6779  8718  9114
   52:  6832  9114  9293
   53:  7051  9293  9328
   54:  7071  9328  9416
   55:  7311  9416  9756
   56:  7500  9756  9886
   57:  7741  9886 10009
   58:  7749 10009 10198
   59:  7944 10198 10203
   60:  8168 10203 10204
   61:  8367 10204 10213
   62:  8379 10213 10374
   63:  8584 10374 10454
   64:  8713 10454 10875
   65:  8817 10875 11141
   66:  8840 11141 11195
   67:  8927 11195 11201
   68:  9154 11201 11252
   69:  9360 11252 11644
   70:  9497 11644 11757
   71:  9744 11757 11997
   72:  9869 11997 12321
   73:  9936 12321 12518
   74: 10070 12518 12773
   75: 10104 12773 12966
   76: 10265 12966 13226
   77: 10518 13226 13345
   78: 10565 13345 13404
   79: 10768 13404 13456
   80: 10956 13456 13706
   81: 10984 13706 14023
   82: 11116 14023 14212
   83: 11148 14212 14236
   84: 11316 14236 14506
   85: 11412 14506 14884
   86: 11586 14884 14959
   87: 11707 14959 15046
   88: 11771 15046 15336
   89: 11950 15336 15357
   90: 12147 15357 15384
   91: 12194 15384 15605
   92: 12385 15605 15720
   93: 12406 15720 16107
   94: 12655 16107 16134
   95: 12815 16134 16222
   96: 12837 16222 16237
   97: 12973 16237 16305
   98: 13022 16305 16333
   99: 13025 16333 16432
SUM: 16432 16119 0.9810 2066.14 1904.95 3452
