    0:     1     1     2
    1:    48    48    98
    2:   105   105   232
    3:   144   233   262
    4:   204   232   233
    5:   300   300   343
    6:   419   419   486
    7:   487   487   610
    8:   582   610   721
    9:   695   721   732
   10:   739   739   827
   11:   812   971   999
   12:   823   827   946
   13:   907   946   971
   14:  1014  1014  1111
   15:  1050  1111  1195
   16:  1114  1195  1230
   17:  1120  1312  1410
   18:  1169  1230  1312
   19:  1241  1410  1643
SUM: 1643 1452 0.8837 119.45 46.85 192
