    0:     1     1     2
    1:    38    38    88
    2:    83    88   215
    3:   113   216   245
    4:   161   215   216
    5:   247   247   290
    6:   362   362   429
    7:   418   429   552
    8:   502   552   663
    9:   608   663   674
   10:   642   674   762
   11:   702   906   934
   12:   710   762   881
   13:   782   881   906
   14:   880   947  1031
   15:   907   934   947
   16:   958  1255  1342
   17:   962  1064  1162
   18:  1000  1031  1064
   19:  1059  1394  1395
   20:  1067  1168  1255
   21:  1097  1162  1168
   22:  1101  1369  1391
   23:  1120  1342  1369
   24:  1172  1510  1599
   25:  1209  1391  1394
   26:  1242  1599  1627
   27:  1337  1395  1510
   28:  1414  1751  1757
   29:  1438  1757  1771
   30:  1443  1771  1774
   31:  1484  1774  1775
   32:  1512  1627  1751
   33:  1574  1775  1811
   34:  1683  1811  1944
   35:  1752  1986  1997
   36:  1813  1944  1986
   37:  1882  2121  2231
   38:  1907  2103  2121
   39:  1951  1997  2103
   40:  2061  2234  2372
   41:  2150  2231  2234
   42:  2170  2372  2402
   43:  2239  2432  2587
   44:  2295  2402  2409
   45:  2390  2409  2432
   46:  2464  2587  2672
   47:  2510  2725  2730
   48:  2515  2710  2725
   49:  2525  2672  2710
SUM: 2730 2619 0.9593 195.06 142.68 357
