    0:     1     1     4
    1:    80    80   180
    2:   176   180   434
    3:   240   434   495
    4:   342   495   554
    5:   520   554   698
    6:   753   753   886
    7:   871   886  1132
    8:  1045  1132  1354
    9:  1262  1354  1375
   10:  1335  1375  1552
   11:  1462  1552  1896
   12:  1480  1896  2002
   13:  1630  2002  2053
   14:  1832  2053  2192
   15:  1890  2192  2360
   16:  1999  2360  2430
   17:  2009  2430  2789
   18:  2090  2789  2985
   19:  2215  2985  3254
   20:  2232  3254  3533
   21:  2296  3533  3708
   22:  2306  3708  4155
   23:  2348  4155  4199
   24:  2458  4199  4555
   25:  2538  4555  4961
   26:  2609  4961  5424
   27:  2805  5424  5658
   28:  2966  5658  5684
   29:  3018  5684  5712
   30:  3029  5712  5718
   31:  3116  5718  5720
   32:  3176  5720  5767
   33:  3307  5767  5886
   34:  3530  5886  6151
   35:  3675  6151  6258
   36:  3803  6258  6280
   37:  3947  6280  6727
   38:  4001  6727  6947
   39:  4095  6947  6984
   40:  4319  6984  6997
   41:  4504  6997  7273
   42:  4548  7273  7609
   43:  4693  7609  7859
   44:  4811  7859  8123
   45:  5007  8123  8169
   46:  5162  8169  8309
   47:  5260  8309  8425
   48:  5271  8425  8435
   49:  5294  8435  8464
   50:  5514  8464  8537
   51:  5732  8537  8933
   52:  5770  8933  9112
   53:  5972  9112  9147
   54:  5985  9147  9235
   55:  6216  9235  9575
   56:  6380  9575  9705
   57:  6613  9705  9828
   58:  6618  9828 10017
   59:  6789 10017 10022
   60:  6998 10022 10023
   61:  7174 10023 10032
   62:  7182 10032 10193
   63:  7366 10193 10273
   64:  7468 10273 10694
   65:  7547 10694 10960
   66:  7562 10960 11014
   67:  7626 11014 11020
   68:  7839 11020 11071
   69:  8024 11071 11463
   70:  8133 11463 11576
   71:  8375 11576 11816
   72:  8473 11816 12140
   73:  8521 12140 12337
   74:  8627 12337 12592
   75:  8650 12592 12785
   76:  8783 12785 13045
   77:  9035 13045 13164
   78:  9068 13164 13223
   79:  9250 13223 13275
   80:  9413 13275 13525
   81:  9432 13525 13842
   82:  9536 13842 14031
   83:  9558 14031 14055
   84:  9699 14055 14325
   85:  9771 14325 14703
   86:  9918 14703 14778
   87: 10012 14778 14865
   88: 10058 14865 15155
   89: 10211 15155 15176
   90: 10384 15176 15203
   91: 10417 15203 15424
   92: 10584 15424 15539
   93: 10598 15539 15926
   94: 10843 15926 15953
   95: 10975 15953 16041
   96: 10990 16041 16056
   97: 11098 16056 16124
   98: 11133 16124 16152
   99: 11135 16152 16251
SUM: 16251 16119 0.9919 2878.35 2717.16 5083
