    0:     1     1     2
    1:    48    48    98
    2:   105   105   232
    3:   144   233   262
    4:   204   232   233
    5:   300   300   343
    6:   419   419   486
    7:   487   487   610
    8:   582   610   721
    9:   695   721   732
   10:   739   739   827
   11:   812   946   999
   12:   823   827   946
   13:   907   999  1027
   14:  1014  1027  1096
   15:  1050  1096  1180
   16:  1114  1180  1215
   17:  1120  1297  1395
   18:  1169  1215  1297
   19:  1241  1395  1628
SUM: 1628 1452 0.8919 117.75 45.15 177
