    0:     1     1    53
    1:    11    53    62
    2:    52    62    80
    3:    85    85   107
    4:   125   125   160
    5:   147   160   180
    6:   186   186   233
    7:   196   233   258
    8:   232   258   275
    9:   265   275   341
   10:   277   341   369
   11:   333   369   433
   12:   374   433   508
   13:   422   593   625
   14:   451   528   556
   15:   503   508   528
   16:   545   625   726
   17:   546   556   569
   18:   568   569   593
   19:   626   727   732
   20:   647   750   763
   21:   649   726   727
   22:   706   732   750
   23:   756   773   789
   24:   762   763   773
   25:   820   820   841
   26:   821   841   900
   27:   847   900   914
   28:   876   914   971
   29:   909  1008  1041
   30:   943   971   992
   31:   977   992  1008
   32:  1005  1041  1112
   33:  1049  1119  1150
   34:  1060  1118  1119
   35:  1095  1150  1265
   36:  1098  1112  1118
   37:  1156  1265  1300
   38:  1184  1306  1336
   39:  1207  1408  1418
   40:  1229  1391  1404
   41:  1288  1300  1306
   42:  1303  1336  1361
   43:  1349  1361  1374
   44:  1362  1404  1408
   45:  1370  1374  1391
   46:  1394  1418  1472
   47:  1405  1518  1527
   48:  1417  1472  1518
   49:  1432  1527  1635
SUM: 1635 1574 0.9627 80.20 48.72 201
