    0:     1     1     4
    1:    90    90   190
    2:   197   197   451
    3:   270   451   512
    4:   384   512   571
    5:   572   572   716
    6:   809   809   942
    7:   939   942  1188
    8:  1124  1188  1410
    9:  1347  1410  1431
   10:  1430  1431  1608
   11:  1569  1608  1952
   12:  1590  1952  2058
   13:  1752  2058  2109
   14:  1962  2109  2248
   15:  2029  2248  2416
   16:  2150  2416  2486
   17:  2162  2486  2845
   18:  2254  2845  3041
   19:  2391  3041  3310
SUM: 3310 3122 0.9432 323.30 167.20 650
