    0:     1     1     2
    1:    14    14    73
    2:    30   221   222
    3:    40    73   186
    4:    57   186   221
    5:    94   244   308
    6:   158   222   229
    7:   179   308   374
    8:   215   229   244
    9:   268   389   492
   10:   280   374   389
   11:   303   557   590
   12:   305   492   528
   13:   334   528   557
   14:   380   659   716
   15:   389   596   617
   16:   408   626   659
   17:   409   868   869
   18:   422   731   754
   19:   445   595   596
   20:   447   754   760
   21:   457   835   862
   22:   458   590   592
   23:   464   617   626
   24:   483   760   835
   25:   496   592   595
   26:   507   862   868
   27:   551   716   731
   28:   583   716   716
   29:   591  1020  1043
   30:   592  1043  1046
   31:   606  1046  1047
   32:   615  1017  1020
   33:   639  1047  1089
   34:   696   885   934
   35:   723   869   871
   36:   746   871   885
   37:   773  1089  1146
   38:   781   996  1017
   39:   797   988   996
   40:   855   934   988
   41:   895  1146  1150
   42:   902  1346  1347
   43:   929  1150  1200
   44:   950  1347  1355
   45:   994  1368  1382
   46:  1024  1200  1300
   47:  1041  1363  1368
   48:  1042  1355  1363
   49:  1045  1300  1346
   50:  1100  1382  1388
   51:  1154  1566  1620
   52:  1160  1495  1515
   53:  1206  1443  1495
   54:  1208  1388  1443
   55:  1270  1638  1642
   56:  1303  1515  1566
   57:  1367  1620  1638
   58:  1391  1708  1713
   59:  1414  1675  1678
   60:  1437  1700  1708
   61:  1459  1914  1927
   62:  1467  1699  1700
   63:  1470  1780  1789
   64:  1533  1789  1819
   65:  1546  1838  1914
   66:  1555  1819  1838
   67:  1564  1642  1675
   68:  1569  1678  1699
   69:  1641  1713  1780
   70:  1674  2186  2203
   71:  1682  2034  2060
   72:  1738  1927  1992
   73:  1756  2060  2071
   74:  1759  1992  2034
   75:  1784  2151  2186
   76:  1867  2071  2117
   77:  1872  2121  2151
   78:  1910  2117  2121
   79:  1942  2203  2432
SUM: 2432 2419 0.9947 272.59 242.35 512
