    0:     1     1     2
    1:    14    14    73
    2:    30   221   222
    3:    40    73   186
    4:    57   215   221
    5:    94   389   440
    6:   158   186   215
    7:   179   222   374
    8:   215   492   504
    9:   268   476   492
   10:   280   374   389
   11:   303   575   590
   12:   305   504   528
   13:   334   533   557
   14:   380   440   476
   15:   389   566   575
   16:   408   528   533
   17:   409   596   869
   18:   422   978   984
   19:   445   595   596
   20:   447   949   978
   21:   457   870   876
   22:   458   590   592
   23:   464   557   566
   24:   483   881   903
   25:   496   592   595
   26:   507   869   870
   27:   551   992  1007
   28:   583  1016  1022
   29:   591  1022  1039
   30:   592  1039  1042
   31:   606  1042  1043
   32:   615  1013  1016
   33:   639  1043  1085
   34:   696   903   930
   35:   723  1146  1425
   36:   746   876   881
   37:   773  1096  1142
   38:   781  1007  1013
   39:   797   984   992
   40:   855   984   984
   41:   895  1142  1146
   42:   902   930   949
   43:   929  1085  1096
   44:   950  1491  1499
   45:   994  1466  1472
   46:  1024  1521  1554
   47:  1041  1472  1486
   48:  1042  1486  1491
   49:  1045  1499  1508
   50:  1100  1425  1466
   51:  1154  1687  1698
   52:  1160  1573  1593
   53:  1206  1554  1573
   54:  1208  1508  1521
   55:  1270  1716  1720
   56:  1303  1593  1644
   57:  1367  1711  1716
   58:  1391  1644  1649
   59:  1414  1663  1684
   60:  1437  1649  1654
   61:  1459  1720  2005
   62:  1467  1654  1662
   63:  1470  1573  1573
   64:  1533  2112  2113
   65:  1546  2005  2018
   66:  1555  2070  2094
   67:  1564  1684  1687
   68:  1569  1662  1663
   69:  1641  2149  2152
   70:  1674  1698  1711
   71:  1682  2113  2138
   72:  1738  2052  2070
   73:  1756  2138  2149
   74:  1759  2094  2112
   75:  1784  2229  2264
   76:  1867  2152  2195
   77:  1872  2199  2229
   78:  1910  2195  2199
   79:  1942  2018  2052
SUM: 2264 2251 0.9943 310.26 282.12 579
