    0:     1     1     4
    1:    30    30   130
    2:    66   382   384
    3:    89   130   323
    4:   128   323   382
    5:   207   397   530
    6:   331   384   397
    7:   378   530   643
    8:   455   844   865
    9:   563   667   844
   10:   590   643   667
   11:   641   985  1011
   12:   647   865   905
   13:   710   915   956
   14:   806  1072  1225
   15:   827   956   985
   16:   869   905   915
   17:   872  1485  1486
   18:   902  1251  1290
   19:   952  1014  1021
   20:   958  1290  1300
   21:   981  1428  1475
   22:   984  1011  1014
   23:   999  1021  1072
   24:  1042  1300  1428
   25:  1072  1855  1950
   26:  1098  1475  1485
   27:  1190  1225  1251
   28:  1259  1736  1747
   29:  1278  1747  1775
   30:  1281  1775  1781
   31:  1314  1781  1783
   32:  1336  1486  1736
   33:  1389  1783  1855
   34:  1503  2320  2326
   35:  1563  2411  2433
   36:  1614  2354  2411
   37:  1674  1950  1952
   38:  1693  1958  2184
   39:  1729  2184  2221
   40:  1844  2221  2234
   41:  1928  1952  1958
   42:  1944  2234  2294
   43:  2004  2719  2822
   44:  2050  2294  2308
   45:  2142  2330  2354
   46:  2207  2575  2652
   47:  2244  2326  2330
   48:  2248  2308  2320
   49:  2256  2502  2575
   50:  2367  2433  2502
   51:  2477  2822  2898
   52:  2490  2684  2719
   53:  2586  2652  2684
   54:  2590  3138  3276
   55:  2712  2898  2936
   56:  2783  2943  3066
   57:  2907  2936  2943
   58:  2908  3066  3132
   59:  2983  3132  3137
   60:  3085  3137  3138
   61:  3163  3543  3629
   62:  3165  3276  3308
   63:  3248  3308  3388
   64:  3287  3711  3809
   65:  3316  3489  3543
   66:  3321  3483  3489
   67:  3344  3388  3483
   68:  3449  4214  4216
   69:  3533  3809  3824
   70:  3575  3629  3711
   71:  3709  4112  4177
   72:  3746  3824  3853
   73:  3763  3853  4050
   74:  3804  4216  4305
   75:  3812  4050  4112
   76:  3866  4718  4758
   77:  4013  4524  4639
   78:  4024  4691  4698
   79:  4106  4639  4646
   80:  4176  4177  4214
   81:  4182  4698  4713
   82:  4222  4500  4524
   83:  4229  4305  4500
   84:  4287  4769  4770
   85:  4313  5073  5148
   86:  4374  5043  5073
   87:  4410  5158  5160
   88:  4426  4646  4670
   89:  4490  4670  4691
   90:  4566  4713  4718
   91:  4577  4770  5043
   92:  4649  5148  5158
   93:  4654  4758  4769
   94:  4792  5616  5648
   95:  4845  5543  5560
   96:  4850  5573  5575
   97:  4892  5502  5507
   98:  4904  5507  5535
   99:  4999  5430  5502
  100:  5027  5160  5223
  101:  5045  5560  5573
  102:  5086  5223  5430
  103:  5233  6003  6075
  104:  5242  5575  5592
  105:  5244  5648  5705
  106:  5375  5953  5985
  107:  5446  6092  6143
  108:  5487  5535  5543
  109:  5493  5985  6003
  110:  5513  5592  5616
  111:  5551  6166  6191
  112:  5575  6159  6160
  113:  5590  6191  6205
  114:  5597  6160  6166
  115:  5649  5868  5952
  116:  5658  5705  5755
  117:  5674  5755  5868
  118:  5698  6075  6092
  119:  5823  5952  5953
  120:  5969  6419  6454
  121:  6104  6205  6419
  122:  6120  6143  6159
  123:  6254  6454  6668
  124:  6267  6999  7008
  125:  6281  7164  7183
  126:  6382  7018  7065
  127:  6410  6668  6699
  128:  6449  6986  6992
  129:  6455  6889  6895
  130:  6456  6813  6889
  131:  6528  6699  6732
  132:  6624  6934  6986
  133:  6641  7065  7153
  134:  6667  6732  6804
  135:  6673  7008  7018
  136:  6691  7154  7164
  137:  6772  6895  6934
  138:  6783  6804  6813
  139:  6815  6992  6999
  140:  6823  7483  7530
  141:  6854  7183  7195
  142:  6974  7591  7610
  143:  7122  7319  7414
  144:  7137  7153  7154
  145:  7139  7195  7319
  146:  7204  7577  7591
  147:  7214  7414  7476
  148:  7227  7414  7414
  149:  7284  7476  7483
  150:  7298  7560  7577
  151:  7418  7730  7794
  152:  7508  7530  7560
  153:  7509  8014  8042
  154:  7546  7794  7811
  155:  7575  7618  7730
  156:  7583  7610  7618
  157:  7637  7830  8014
  158:  7695  8316  8357
  159:  7734  8368  8495
  160:  7801  8312  8316
  161:  7810  7811  7830
  162:  7832  8042  8202
  163:  7976  8291  8312
  164:  8051  8357  8364
  165:  8057  8495  8539
  166:  8085  8996  9017
  167:  8121  8909  8923
  168:  8198  8202  8291
  169:  8213  8904  8909
  170:  8344  8364  8368
  171:  8446  8987  8996
  172:  8483  8767  8780
  173:  8492  8945  8966
  174:  8500  8602  8704
  175:  8502  8539  8602
  176:  8515  8941  8942
  177:  8533  8704  8767
  178:  8573  8898  8904
  179:  8577  8884  8898
  180:  8688  8942  8945
  181:  8705  8780  8884
  182:  8720  9347  9411
  183:  8762  9017  9037
  184:  8777  9411  9433
  185:  8794  8923  8941
  186:  8825  8966  8967
  187:  8844  9500  9501
  188:  8902  9217  9257
  189:  8905  9433  9440
  190:  8910  8967  8987
  191:  8967  9037  9187
  192:  8987  9501  9512
  193:  9078  9440  9450
  194:  9091  9477  9500
  195:  9096  9939  9958
  196:  9102  9205  9217
  197:  9132  9187  9205
  198:  9138  9512  9524
  199:  9162  9205  9205
  200:  9233  9257  9347
  201:  9275  9918  9928
  202:  9349  9450  9451
  203:  9354  9775  9801
  204:  9370  9928  9939
  205:  9383  9801  9835
  206:  9399  9451  9477
  207:  9456  9524  9731
  208:  9540  9756  9763
  209:  9566  9958 10010
  210:  9595  9763  9775
  211:  9602  9737  9756
  212:  9691  9731  9737
  213:  9783 10469 10480
  214:  9822  9835  9918
  215:  9839 10010 10130
  216:  9922 10293 10413
  217:  9952 10261 10293
  218: 10004 10130 10261
  219: 10146 10431 10449
  220: 10203 10789 10855
  221: 10217 10453 10469
  222: 10220 10450 10453
  223: 10254 10449 10450
  224: 10280 10413 10431
  225: 10382 10480 10558
  226: 10402 10930 10954
  227: 10420 10855 10888
  228: 10463 10888 10891
  229: 10466 10895 10930
  230: 10487 10615 10789
  231: 10506 10891 10895
  232: 10513 10558 10592
  233: 10574 11306 11329
  234: 10587 10592 10615
  235: 10637 11375 11395
  236: 10734 11329 11375
  237: 10810 11395 11426
  238: 10874 10954 11072
  239: 10955 11833 11862
  240: 10958 11141 11299
  241: 11052 11072 11141
  242: 11113 11784 11833
  243: 11151 11721 11784
  244: 11167 11607 11612
  245: 11185 11440 11607
  246: 11289 11299 11306
  247: 11307 11646 11708
  248: 11379 11612 11646
  249: 11381 11708 11721
  250: 11406 11426 11440
  251: 11417 11833 11833
  252: 11505 12233 12274
  253: 11530 12068 12141
  254: 11657 11862 12044
  255: 11676 12206 12233
  256: 11758 12274 12323
  257: 11876 12653 12669
  258: 11888 12669 12726
  259: 11984 12044 12068
  260: 12058 12141 12206
  261: 12060 12566 12592
  262: 12133 12592 12653
  263: 12220 12381 12566
  264: 12308 12323 12381
  265: 12401 12726 12728
  266: 12475 12728 12810
  267: 12496 13094 13096
  268: 12604 13141 13144
  269: 12616 13204 13234
  270: 12622 12828 13052
  271: 12678 13234 13260
  272: 12713 13083 13094
  273: 12725 13096 13141
  274: 12800 12810 12828
  275: 12809 13052 13065
  276: 12892 13544 13623
  277: 13027 13065 13083
  278: 13068 13144 13204
  279: 13071 13512 13544
  280: 13128 13260 13260
  281: 13169 13260 13512
  282: 13285 13946 13955
  283: 13432 13892 13946
  284: 13472 13623 13623
  285: 13532 13689 13841
  286: 13594 13623 13689
  287: 13634 14424 14441
  288: 13742 13864 13892
  289: 13830 13841 13864
  290: 13907 13955 14023
  291: 13918 14217 14225
  292: 13928 14441 14444
  293: 13936 14023 14169
  294: 14060 14260 14424
  295: 14061 14169 14217
  296: 14066 14225 14233
  297: 14095 14933 14972
  298: 14186 14911 14933
  299: 14197 14233 14260
  300: 14239 14903 14911
  301: 14329 14444 14492
  302: 14330 14831 14837
  303: 14407 14837 14903
  304: 14435 14492 14744
  305: 14525 14744 14758
  306: 14532 14972 14974
  307: 14601 15346 15350
  308: 14663 14758 14807
  309: 14696 14815 14831
  310: 14713 14974 15206
  311: 14732 15299 15346
  312: 14777 14807 14815
  313: 14794 15252 15281
  314: 14845 15206 15252
  315: 14957 15395 15411
  316: 14979 15763 15807
  317: 14991 15281 15299
  318: 15027 15872 15927
  319: 15041 15831 15872
  320: 15082 15425 15456
  321: 15115 15673 15763
  322: 15118 15350 15395
  323: 15233 15807 15807
  324: 15327 15456 15618
  325: 15361 15411 15425
  326: 15476 15807 15809
  327: 15503 15618 15673
  328: 15535 15763 15763
  329: 15637 16363 16406
  330: 15643 15809 15831
  331: 15654 15970 16201
  332: 15696 16201 16228
  333: 15780 16411 16423
  334: 15805 16406 16411
  335: 15907 15927 15970
  336: 15912 16247 16260
  337: 15956 16260 16352
  338: 15995 16423 16659
  339: 16101 16245 16247
  340: 16194 16228 16245
  341: 16229 16740 16810
  342: 16235 16813 16858
  343: 16251 16688 16695
  344: 16291 16352 16363
  345: 16339 16695 16740
  346: 16452 16810 16813
  347: 16456 17175 17204
  348: 16466 16858 16868
  349: 16500 16659 16688
  350: 16612 17246 17260
  351: 16642 17412 17432
  352: 16701 16868 16914
  353: 16710 17288 17347
  354: 16742 17400 17412
  355: 16782 17283 17288
  356: 16810 16914 16926
  357: 16812 16926 17175
  358: 16906 17262 17283
  359: 16908 17204 17246
  360: 16938 17716 17752
  361: 17087 17260 17262
  362: 17115 17347 17400
  363: 17194 17688 17716
  364: 17318 17432 17554
  365: 17323 17752 17868
  366: 17370 17661 17688
  367: 17466 17554 17556
  368: 17501 18441 18449
  369: 17530 17868 17896
  370: 17533 17896 17909
  371: 17545 17556 17661
  372: 17662 18112 18330
  373: 17791 17942 18056
  374: 17833 17919 17942
  375: 17841 17909 17919
  376: 17894 18378 18383
  377: 17913 18417 18441
  378: 17926 18383 18417
  379: 17974 18367 18378
  380: 17995 18056 18112
  381: 18101 18330 18367
  382: 18198 18383 18383
  383: 18253 18726 18889
  384: 18297 18692 18726
  385: 18412 18449 18692
  386: 18483 19214 19264
  387: 18512 18944 18949
  388: 18534 19339 19358
  389: 18574 19286 19287
  390: 18596 19105 19210
  391: 18723 19210 19214
  392: 18798 18889 18944
  393: 18857 18949 19026
  394: 18902 19026 19035
  395: 18911 19287 19339
  396: 18998 19370 19433
  397: 19026 19035 19105
  398: 19037 19433 19437
  399: 19081 19739 19793
  400: 19129 19214 19214
  401: 19142 19264 19286
  402: 19233 19723 19739
  403: 19254 19358 19370
  404: 19338 19793 19846
  405: 19375 19437 19491
  406: 19395 19561 19645
  407: 19445 20368 20382
  408: 19475 19491 19561
  409: 19584 19887 19919
  410: 19589 20382 20391
  411: 19601 19846 19887
  412: 19606 19645 19723
  413: 19655 19919 20279
  414: 19708 20311 20346
  415: 19859 20310 20311
  416: 19910 20279 20310
  417: 19952 20562 20592
  418: 20041 20746 20797
  419: 20092 20644 20691
  420: 20152 20346 20368
  421: 20229 20854 20868
  422: 20271 20391 20559
  423: 20274 20838 20851
  424: 20331 20851 20854
  425: 20447 20730 20746
  426: 20454 20691 20700
  427: 20460 20700 20730
  428: 20476 21147 21182
  429: 20499 20559 20562
  430: 20524 20592 20644
  431: 20672 21071 21076
  432: 20676 21076 21147
  433: 20705 20797 20838
  434: 20707 21298 21347
  435: 20757 21268 21298
  436: 20844 20868 21071
  437: 20905 21182 21268
  438: 20960 21629 21644
  439: 21055 21579 21627
  440: 21099 21627 21629
  441: 21149 21644 21668
  442: 21165 21668 21683
  443: 21192 21549 21579
  444: 21196 21683 21694
  445: 21300 21542 21549
  446: 21318 21773 21774
  447: 21319 21347 21503
  448: 21340 21510 21542
  449: 21358 21503 21510
  450: 21394 21694 21773
  451: 21433 22070 22073
  452: 21468 22119 22130
  453: 21506 22145 22172
  454: 21592 22037 22045
  455: 21656 21774 22037
  456: 21784 22045 22070
  457: 21786 22073 22119
  458: 21817 22430 22482
  459: 21821 22142 22145
  460: 21870 22383 22387
  461: 21901 22172 22363
  462: 21944 22505 22519
  463: 22026 22600 22616
  464: 22029 22130 22142
  465: 22062 22559 22600
  466: 22122 22482 22499
  467: 22151 22519 22559
  468: 22166 22363 22380
  469: 22226 22387 22423
  470: 22239 23082 23091
  471: 22282 22380 22383
  472: 22287 22499 22505
  473: 22328 22383 22383
  474: 22362 22423 22430
  475: 22422 23072 23082
  476: 22430 23025 23060
  477: 22472 22616 22767
  478: 22576 22767 22941
  479: 22632 23527 23581
  480: 22670 23060 23064
  481: 22774 22964 23025
  482: 22865 22941 22964
  483: 22867 23064 23072
  484: 22950 23211 23460
  485: 23010 23091 23105
  486: 23083 23105 23211
  487: 23125 23507 23527
  488: 23264 24033 24035
  489: 23289 23581 23840
  490: 23348 24045 24049
  491: 23386 23460 23507
  492: 23394 24035 24045
  493: 23430 24049 24055
  494: 23456 23840 24000
  495: 23590 24481 24494
  496: 23604 24055 24481
  497: 23607 24022 24033
  498: 23616 24000 24022
  499: 23625 24494 24530
SUM: 24530 24503 0.9989 391.15 342.14 940
