    0:     1     1     4
    1:    90    90   190
    2:   197   197   451
    3:   270   453   512
    4:   384   451   453
    5:   572   572   657
    6:   809   809   942
    7:   939   942  1188
    8:  1124  1188  1410
    9:  1347  1410  1431
   10:  1430  1431  1608
   11:  1569  1846  1952
   12:  1590  1608  1846
   13:  1752  1952  2007
   14:  1962  2007  2146
   15:  2029  2146  2314
   16:  2150  2314  2384
   17:  2162  2547  2743
   18:  2254  2384  2547
   19:  2391  2743  3208
SUM: 3208 2902 0.9046 248.55 103.45 385
