    0:     1     1    53
    1:    11    53    62
    2:    52    62    80
    3:    85    85   107
    4:   125   125   160
    5:   147   160   180
    6:   186   186   233
    7:   196   233   258
    8:   232   258   275
    9:   265   275   341
   10:   277   341   369
   11:   333   369   433
   12:   374   433   508
   13:   422   508   529
   14:   451   529   598
   15:   503   611   626
   16:   545   635   704
   17:   546   598   611
   18:   568   626   635
   19:   626   704   708
   20:   647   726   739
   21:   649   739   775
   22:   706   708   726
   23:   756   821   837
   24:   762   775   821
   25:   820   875   934
   26:   821   837   875
   27:   847   934   979
   28:   876  1064  1092
   29:   909   979  1064
   30:   943  1097  1113
   31:   977  1092  1097
   32:  1005  1113  1135
   33:  1049  1142  1173
   34:  1060  1141  1142
   35:  1095  1173  1288
   36:  1098  1135  1141
   37:  1156  1317  1323
   38:  1184  1323  1347
   39:  1207  1393  1403
   40:  1229  1376  1389
   41:  1288  1288  1317
   42:  1303  1347  1372
   43:  1349  1457  1467
   44:  1362  1389  1393
   45:  1370  1372  1376
   46:  1394  1403  1457
   47:  1405  1510  1618
   48:  1417  1618  1627
   49:  1432  1467  1510
SUM: 1627 1597 0.9816 98.78 66.84 201
