    0:     1     1     2
    1:    38    38    88
    2:    83    88   215
    3:   113   216   245
    4:   161   215   216
    5:   247   247   290
    6:   362   362   429
    7:   418   429   552
    8:   502   552   663
    9:   608   663   674
   10:   642   674   762
   11:   702   906   934
   12:   710   762   881
   13:   782   881   906
   14:   880   947  1031
   15:   907   934   947
   16:   958  1064  1146
   17:   962  1481  1482
   18:  1000  1031  1064
   19:  1059  1195  1199
   20:  1067  1199  1339
   21:  1097  1453  1476
   22:  1101  1173  1195
   23:  1120  1146  1173
   24:  1172  1364  1453
   25:  1209  1679  1726
   26:  1242  1476  1481
   27:  1337  1339  1364
   28:  1414  1482  1613
   29:  1438  1619  1639
   30:  1443  1639  1642
   31:  1484  1642  1643
   32:  1512  1613  1619
   33:  1574  1643  1679
   34:  1683  1726  1906
   35:  1752  1948  1959
   36:  1813  1906  1948
   37:  1882  2097  2207
   38:  1907  2072  2097
   39:  1951  1959  2065
   40:  2061  2065  2072
   41:  2150  2207  2210
   42:  2170  2210  2378
   43:  2239  2385  2517
   44:  2295  2378  2385
   45:  2390  2660  2672
   46:  2464  2517  2602
   47:  2510  2655  2660
   48:  2515  2640  2655
   49:  2525  2602  2640
SUM: 2672 2561 0.9585 161.78 110.56 519
