    0:     1     1     4
    1:   105   105   205
    2:   228   228   482
    3:   315   484   543
    4:   444   482   484
    5:   644   644   729
    6:   885   885  1018
    7:  1031  1031  1277
    8:  1228  1277  1499
    9:  1458  1499  1520
   10:  1556  1556  1733
   11:  1711  1733  2077
   12:  1738  2132  2183
   13:  1914  2077  2132
   14:  2133  2183  2271
   15:  2213  2271  2439
   16:  2350  2439  2509
   17:  2365  2682  2868
   18:  2472  2509  2672
   19:  2625  3332  3333
   20:  2650  2672  2682
   21:  2737  2868  2879
   22:  2752  3282  3326
   23:  2812  2879  3282
   24:  2950  3333  3740
   25:  3056  3326  3332
   26:  3151  3740  3797
   27:  3365  3797  4031
   28:  3551  4046  4057
   29:  3623  4057  4085
   30:  3639  4085  4091
   31:  3753  4091  4093
   32:  3835  4031  4046
   33:  3994  4093  4165
   34:  4228  4228  4493
   35:  4400  4493  4600
   36:  4556  4600  4622
   37:  4727  4727  5174
   38:  4802  5174  5394
   39:  4923  5394  5431
   40:  5158  5431  5444
   41:  5364  5504  5840
   42:  5426  5444  5504
   43:  5598  5840  5926
   44:  5744  5926  6190
   45:  5959  6190  6236
   46:  6140  6236  6376
   47:  6265  6482  6492
   48:  6282  6453  6482
   49:  6316  6376  6453
   50:  6548  6548  6582
   51:  6779  6779  7175
   52:  6832  7175  7354
   53:  7051  7354  7389
   54:  7071  7389  7477
   55:  7311  7477  7817
   56:  7500  7824  7947
   57:  7741  7817  7824
   58:  7749  7947  8013
   59:  7944  8013  8018
   60:  8168  8168  8169
   61:  8367  8367  8376
   62:  8379  8379  8540
   63:  8584  8584  8664
   64:  8713  8713  9134
   65:  8817  9134  9400
   66:  8840  9400  9454
   67:  8927  9454  9460
   68:  9154  9460  9511
   69:  9360  9790  9903
   70:  9497  9511  9790
   71:  9744  9932 10256
   72:  9869  9903  9932
   73:  9936 10321 10383
   74: 10070 10700 11034
   75: 10104 10256 10321
   76: 10265 10383 10581
   77: 10518 10641 10700
   78: 10565 10581 10641
   79: 10768 11277 11423
   80: 10956 11034 11125
   81: 10984 11423 11490
   82: 11116 11125 11253
   83: 11148 11253 11277
   84: 11316 11490 11547
   85: 11412 11547 11925
   86: 11586 11937 12024
   87: 11707 11925 11937
   88: 11771 12024 12227
   89: 11950 12227 12248
   90: 12147 12248 12275
   91: 12194 12275 12496
   92: 12385 12496 12611
   93: 12406 12611 12998
   94: 12655 12998 13025
   95: 12815 13098 13113
   96: 12837 13039 13098
   97: 12973 13138 13166
   98: 13022 13113 13138
   99: 13025 13025 13039
SUM: 13166 11870 0.9016 307.73 189.03 707
