    0:     1     1     7
    1:    45    45   241
    2:   100   241   737
    3:   135   737   856
    4:   194   856   971
    5:   319   971  1253
    6:   533  1253  1514
    7:   604  1514  1996
    8:   724  1996  2431
    9:   903  2431  2472
   10:   944  2472  2817
   11:  1022  2817  3488
   12:  1031  3488  3695
   13:  1128  3695  3793
   14:  1284  3793  4063
   15:  1315  4063  4391
   16:  1379  4391  4528
   17:  1384  4528  5230
   18:  1430  5230  5614
   19:  1506  5614  6139
   20:  1514  6139  6684
   21:  1549  6684  7025
   22:  1554  7025  7898
   23:  1576  7898  7984
   24:  1641  7984  8680
   25:  1686  8680  9473
   26:  1725  9473 10376
   27:  1872 10376 10832
   28:  1979 10832 10882
   29:  2007 10882 10938
   30:  2012 10938 10949
   31:  2061 10949 10953
   32:  2093 10953 11045
   33:  2174 11045 11278
   34:  2365 11278 11796
   35:  2457 11796 12005
   36:  2535 12005 12049
   37:  2627 12049 12922
   38:  2656 12922 13353
   39:  2710 13353 13424
   40:  2903 13424 13450
   41:  3036 13450 13989
   42:  3059 13989 14645
   43:  3151 14645 15134
   44:  3222 15134 15651
   45:  3369 15651 15740
   46:  3470 15740 16012
   47:  3527 16012 16237
   48:  3532 16237 16255
   49:  3544 16255 16312
   50:  3730 16312 16455
   51:  3913 16455 17230
   52:  3933 17230 17579
   53:  4089 17579 17648
   54:  4096 17648 17820
   55:  4305 17820 18483
   56:  4416 18483 18736
   57:  4630 18736 18977
   58:  4632 18977 19347
   59:  4750 19347 19356
   60:  4916 19356 19359
   61:  5039 19359 19377
   62:  5043 19377 19691
   63:  5175 19691 19848
   64:  5234 19848 20672
   65:  5278 20672 21193
   66:  5286 21193 21298
   67:  5321 21298 21310
   68:  5494 21310 21409
   69:  5628 21409 22175
   70:  5692 22175 22396
   71:  5933 22396 22864
   72:  5990 22864 23495
   73:  6016 23495 23879
   74:  6078 23879 24377
   75:  6090 24377 24753
   76:  6173 24753 25261
   77:  6452 25261 25492
   78:  6469 25492 25606
   79:  6598 25606 25708
SUM: 25708 25669 0.9985 10075.19 9754.33 19023
