    0:     1     1     4
    1:   105   105   205
    2:   228   228   482
    3:   315   482   543
    4:   444   543   602
    5:   644   644   788
    6:   885   885  1018
    7:  1031  1031  1277
    8:  1228  1277  1499
    9:  1458  1499  1520
   10:  1556  1556  1733
   11:  1711  1733  2077
   12:  1738  2077  2183
   13:  1914  2183  2234
   14:  2133  2263  2431
   15:  2213  2234  2263
   16:  2350  2431  2529
   17:  2365  2529  2888
   18:  2472  3074  3084
   19:  2625  3352  3353
   20:  2650  2899  3074
   21:  2737  2888  2899
   22:  2752  3302  3346
   23:  2812  3084  3302
   24:  2950  3817  3874
   25:  3056  3346  3352
   26:  3151  3353  3817
   27:  3365  3874  4051
   28:  3551  4066  4077
   29:  3623  4077  4105
   30:  3639  4105  4111
   31:  3753  4111  4113
   32:  3835  4051  4066
   33:  3994  4113  4185
   34:  4228  4228  4493
   35:  4400  4493  4600
   36:  4556  4600  4622
   37:  4727  4727  5174
   38:  4802  5457  5494
   39:  4923  5444  5457
   40:  5158  5174  5444
   41:  5364  5494  5720
   42:  5426  5720  6056
   43:  5598  6056  6306
   44:  5744  6650  6662
   45:  5959  6306  6616
   46:  6140  6679  6756
   47:  6265  6616  6640
   48:  6282  6640  6650
   49:  6316  6662  6679
   50:  6548  6756  6906
   51:  6779  7123  7302
   52:  6832  6906  7123
   53:  7051  7604  7692
   54:  7071  7302  7604
   55:  7311  7937  7944
   56:  7500  7692  7814
   57:  7741  7814  7937
   58:  7749  8145  8150
   59:  7944  7944  8145
   60:  8168  8168  8174
   61:  8367  8367  8376
   62:  8379  8379  8540
   63:  8584  8584  8664
   64:  8713  8713  9134
   65:  8817  9466  9520
   66:  8840  9460  9466
   67:  8927  9134  9460
   68:  9154  9801 10193
   69:  9360  9688  9801
   70:  9497  9520  9688
   71:  9744 10193 10232
   72:  9869 10359 10556
   73:  9936 10297 10359
   74: 10070 10557 11010
   75: 10104 10232 10297
   76: 10265 10556 10557
   77: 10518 11101 11344
   78: 10565 11351 11403
   79: 10768 11344 11351
   80: 10956 11010 11101
   81: 10984 11403 11418
   82: 11116 11961 11985
   83: 11148 11928 11961
   84: 11316 11418 11475
   85: 11412 11475 11853
   86: 11586 11853 11928
   87: 11707 12179 12517
   88: 11771 11985 12131
   89: 11950 12131 12152
   90: 12147 12152 12179
   91: 12194 12519 12634
   92: 12385 12517 12519
   93: 12406 12634 12906
   94: 12655 13095 13109
   95: 12815 12906 13021
   96: 12837 13021 13036
   97: 12973 13109 13250
   98: 13022 13250 13278
   99: 13025 13036 13095
SUM: 13278 12510 0.9422 399.96 274.86 906
