    0:     1     1     7
    1:    45    45   241
    2:   100   733   737
    3:   135   241   618
    4:   194   712   733
    5:   319  1293  1465
    6:   533   618   712
    7:   604   737  1244
    8:   724  1638  1679
    9:   903  1585  1638
   10:   944  1244  1293
   11:  1022  1913  1964
   12:  1031  1679  1757
   13:  1128  1776  1855
   14:  1284  1465  1585
   15:  1315  1884  1913
   16:  1379  1757  1776
   17:  1384  1983  2892
   18:  1430  3256  3276
   19:  1506  1981  1983
   20:  1514  3159  3256
   21:  1549  2896  2915
   22:  1554  1964  1970
   23:  1576  1855  1884
   24:  1641  2931  3006
   25:  1686  1970  1981
   26:  1725  2892  2896
   27:  1872  3302  3352
   28:  1979  3381  3402
   29:  2007  3402  3458
   30:  2012  3458  3469
   31:  2061  3469  3473
   32:  2093  3373  3381
   33:  2174  3473  3614
   34:  2365  3006  3096
   35:  2457  3815  4743
   36:  2535  2915  2931
   37:  2627  3648  3804
   38:  2656  3352  3373
   39:  2710  3276  3302
   40:  2903  3276  3276
   41:  3036  3804  3815
   42:  3059  3096  3159
   43:  3151  3614  3648
   44:  3222  4963  4987
   45:  3369  4877  4898
   46:  3470  5062  5170
   47:  3527  4898  4945
   48:  3532  4945  4963
   49:  3544  4987  5020
   50:  3730  4743  4877
   51:  3913  5472  5652
   52:  3933  5234  5303
   53:  4089  5170  5234
   54:  4096  5020  5062
   55:  4305  5713  5725
   56:  4416  5343  5472
   57:  4630  5695  5713
   58:  4632  5334  5343
   59:  4750  5331  5334
   60:  4916  5313  5331
   61:  5039  5303  5313
   62:  5043  6695  6765
   63:  5175  5725  6608
   64:  5234  5652  5666
   65:  5278  6897  6911
   66:  5286  6794  6806
   67:  5321  6772  6794
   68:  5494  6608  6695
   69:  5628  5666  5695
   70:  5692  7186  7240
   71:  5933  6765  6772
   72:  5990  7288  7403
   73:  6016  6911  7019
   74:  6078  7405  8289
   75:  6090  6806  6897
   76:  6173  7403  7405
   77:  6452  7019  7174
   78:  6469  7240  7288
   79:  6598  7174  7186
SUM: 8289 8250 0.9953 994.26 891.14 1826
