    0:     1     1     4
    1:    80    80   180
    2:   176   180   434
    3:   240   436   495
    4:   342   434   436
    5:   520   520   605
    6:   753   753   886
    7:   871   886  1132
    8:  1045  1132  1354
    9:  1262  1354  1375
   10:  1335  1375  1552
   11:  1462  1841  1896
   12:  1480  1552  1790
   13:  1630  1790  1841
   14:  1832  1922  2090
   15:  1890  1896  1922
   16:  1999  2155  2318
   17:  2009  2888  2889
   18:  2090  2090  2155
   19:  2215  2417  2424
   20:  2232  2475  2703
   21:  2296  2831  2878
   22:  2306  2318  2417
   23:  2348  2424  2475
   24:  2458  2703  2831
   25:  2538  3233  3447
   26:  2609  2878  2888
   27:  2805  2889  3124
   28:  2966  3124  3150
   29:  3018  3150  3178
   30:  3029  3178  3184
   31:  3116  3184  3186
   32:  3176  3186  3233
   33:  3307  3447  3542
   34:  3530  3542  3807
   35:  3675  3892  3914
   36:  3803  3807  3892
   37:  3947  3947  4416
   38:  4001  4416  4636
   39:  4095  4636  4673
   40:  4319  4673  4686
   41:  4504  4996  5082
   42:  4548  4686  4746
   43:  4693  4746  4996
   44:  4811  5082  5432
   45:  5007  5454  5478
   46:  5162  5614  5764
   47:  5260  5444  5454
   48:  5271  5432  5444
   49:  5294  5478  5541
   50:  5514  5541  5614
   51:  5732  5764  6010
   52:  5770  6010  6189
   53:  5972  6189  6224
   54:  5985  6224  6312
   55:  6216  6312  6652
   56:  6380  6659  6782
   57:  6613  6652  6659
   58:  6618  6782  6848
   59:  6789  6848  6853
   60:  6998  6998  6999
   61:  7174  7174  7183
   62:  7182  7183  7344
   63:  7366  7366  7446
   64:  7468  7468  7889
   65:  7547  7889  8155
   66:  7562  8155  8209
   67:  7626  8209  8215
   68:  7839  8215  8266
   69:  8024  8629  8658
   70:  8133  8266  8545
   71:  8375  8946  9011
   72:  8473  8545  8629
   73:  8521  8658  8884
   74:  8627  9011  9139
   75:  8650  8884  8946
   76:  8783  9547  9592
   77:  9035  9139  9473
   78:  9068  9480  9532
   79:  9250  9473  9480
   80:  9413  9850  9954
   81:  9432  9532  9547
   82:  9536  9592  9826
   83:  9558  9826  9850
   84:  9699 10458 10510
   85:  9771  9954  9958
   86:  9918  9958 10033
   87: 10012 10033 10120
   88: 10058 10120 10410
   89: 10211 10410 10431
   90: 10384 10431 10458
   91: 10417 10510 10783
   92: 10584 10783 10898
   93: 10598 11272 11313
   94: 10843 10898 11258
   95: 10975 11413 11428
   96: 10990 11313 11413
   97: 11098 11453 11481
   98: 11133 11428 11453
   99: 11135 11258 11272
SUM: 11481 10834 0.9436 316.98 208.64 879
